1.662862 1.665456 0.437574
1.010987 0.674017 1.918043
0.933348 1.516080 3.303201
1.903653 1.063051 0.147374
1.186071 0.865902 1.858806
0.728434 1.347838 3.554888
1.401563 1.464644 0.293832
1.232337 0.810541 2.129780
0.716129 1.697018 3.373730
1.239753 1.449446 0.439985
1.116001 0.901364 2.380459
0.388141 1.127055 3.323405
1.918546 1.173437 0.937315
1.440886 0.812540 1.811716
0.548473 1.144780 3.015534
1.534654 1.181829 0.308023
1.091403 0.535554 2.188192
0.527232 1.256429 3.378063
1.286538 1.358562 0.128636
1.112262 0.937895 1.645848
0.543297 1.296396 3.614246
1.854946 1.017518 0.974975
1.141636 0.709159 1.920392
0.869698 1.222565 3.047823
1.460158 1.355876 0.881344
1.167318 0.808344 1.518891
0.803827 1.186456 3.571306
1.244392 1.881954 0.338084
1.172658 0.874554 1.589724
0.684536 1.043092 3.745323
1.779534 1.085025 0.606311
1.000092 0.683752 2.232597
0.500571 1.259163 3.748680
1.459578 1.203070 0.349284
1.132282 0.747307 1.677770
0.671133 1.123515 3.510361
1.098849 1.841060 0.770501
1.244163 0.803018 1.766640
0.937156 1.205353 3.669179
1.129002 1.612201 0.143620
1.247291 0.779305 2.095599
0.456673 1.361486 3.906003
1.609302 1.655202 0.490799
1.120655 0.906888 1.857280
0.567296 1.205402 3.738456
1.921690 1.337321 0.670705
1.385495 0.927534 2.070360
0.650526 1.444179 3.108646
1.036592 1.046175 0.462844
1.372448 0.913465 2.149983
0.468123 1.475039 3.456099
1.712271 1.543016 0.367748
1.049089 0.837230 2.289453
0.796478 1.724973 3.460555
1.818659 1.530168 0.990814
1.232704 0.977187 1.571566
0.779998 1.218244 3.151524
1.144688 1.040498 0.937651
1.180639 0.680380 2.476501
0.601892 1.557121 3.231086
1.153813 1.859432 0.791498
1.159459 0.572420 1.622776
0.543345 1.244978 3.613605
1.597522 1.087222 0.314737
1.489608 0.933012 1.658147
0.743571 1.421448 3.134037
1.215674 1.016114 0.712577
1.064119 0.764428 2.357814
0.682656 1.279232 3.288339
1.071017 1.451918 0.030030
1.080325 0.589892 1.625797
0.452840 1.081497 3.519944
1.903836 1.376537 0.969665
1.001846 0.790139 1.741676
0.846187 1.569475 3.677236
1.794214 1.147526 0.243721
1.089709 0.939558 1.786569
0.510556 1.233503 3.416730
1.649983 1.317850 0.138554
1.460753 0.908597 1.532868
0.449959 1.230500 3.754967
1.161534 1.182226 0.913907
1.146184 0.963546 2.074633
0.787518 1.741014 3.278207
1.116611 1.730461 0.565844
1.168600 0.616947 1.523255
0.454524 1.434974 3.786157
1.634754 1.681234 0.305460
1.010010 0.510361 2.198569
0.574108 1.166289 3.694998
1.059389 1.888730 0.933409
1.157964 0.844981 2.056475
0.382476 1.420350 3.472030
1.523911 1.653676 0.026643
1.132496 0.976974 1.510865
0.757414 1.026759 3.018403
1.043916 1.004242 0.578631
1.145802 0.531190 2.365047
0.739201 1.156157 3.385479
1.258400 1.296121 0.750053
1.288690 0.821207 1.741432
0.693741 1.544792 3.816340
1.230445 1.298746 0.348735
1.186544 0.769875 1.668706
0.774871 1.228254 3.579028
1.286996 1.379711 0.999939
1.149648 0.571856 2.014817
0.962523 1.752342 3.091891
1.101932 1.748100 0.346873
1.113666 0.905133 1.588351
0.405206 1.079861 3.442030
1.552171 1.199713 0.658650
1.358180 0.950087 1.935499
0.325712 1.208161 3.942869
1.031800 1.031465 0.701102
1.390790 0.756767 1.889874
0.556359 1.118534 3.467086
1.622639 1.084231 0.619282
1.320414 0.981277 2.439879
0.978002 1.531730 3.699057
1.320383 1.096774 0.904294
1.198752 0.653081 1.907941
0.869820 1.469961 3.605060
1.100345 1.200079 0.954039
1.301279 0.891842 1.825297
0.425959 1.501920 3.989807
1.079318 1.422559 0.630848
1.285501 0.640385 2.377682
0.547935 1.478628 3.961821
1.733116 1.579272 0.823786
1.225837 0.573763 1.690710
0.302347 1.228962 3.529954
1.257363 1.446852 0.020631
1.300256 0.863445 2.071032
0.587439 1.050368 3.621509
1.082675 1.575457 0.108280
1.027985 0.832224 1.845195
0.475716 1.505411 3.777978
1.546190 1.821619 0.153111
1.245781 0.720634 1.865032
0.312259 1.119584 3.440321
1.090304 1.062654 0.409253
1.199576 0.893582 1.524598
0.956249 1.316733 3.094943
1.278634 1.039003 0.862239
1.231910 0.603839 2.365596
0.524668 1.551726 3.680288
1.015198 1.175329 0.443678
1.080767 0.683935 1.769265
0.375713 1.489590 3.398236
1.623127 1.415662 0.481674
1.458632 0.841594 2.178304
0.699478 1.040870 3.883877
1.823359 1.146184 0.890042
1.180898 0.997208 2.269158
0.958544 1.286776 3.300211
1.020234 1.333323 0.147954
1.211127 0.997604 2.360714
0.581603 1.179595 3.419660
1.340861 1.339885 0.706809
1.029313 0.743995 2.025132
0.866988 1.240339 3.927946
1.847621 1.505936 0.307535
1.316630 0.633412 1.602664
0.666543 1.545598 3.657521
1.714316 1.204718 0.418439
1.110019 0.752815 1.612033
0.997681 1.320591 3.589404
1.597247 1.191473 0.037385
1.334056 0.696051 2.280541
0.741398 1.722605 3.868435
1.368755 1.646474 0.078158
1.342708 0.716926 1.587680
0.424885 1.541423 3.431593
1.232337 1.282540 0.330912
1.210211 0.773309 2.433958
0.763152 1.177618 3.321421
1.418348 1.361736 0.070650
1.050829 0.644719 2.252373
0.789447 1.089383 3.076846
1.484909 1.344127 0.035218
1.049257 0.914899 2.156423
0.890768 1.202008 3.617786
1.735496 1.182806 0.616688
1.210776 0.599994 1.515473
0.856636 1.135234 3.521836
1.701193 1.336192 0.753288
1.255882 0.610645 1.635258
0.815082 1.362023 3.064852
1.257332 1.514695 0.968352
1.120075 0.951857 1.803537
0.613416 1.523844 3.164098
1.092654 1.889676 0.815668
1.104785 0.907910 2.021287
0.996411 1.484487 3.685781
1.155644 1.032289 0.791131
1.052828 0.691473 2.033647
0.506113 1.570745 3.341502
1.352916 1.623005 0.856746
1.144948 0.850581 2.000748
0.681875 1.105667 3.354045
1.810327 1.381451 0.429731
1.377560 0.698859 1.889019
0.880831 1.554949 3.530839
1.270943 1.799158 0.958739
1.389187 0.833918 1.909345
0.894797 1.076492 3.336436
1.139775 1.876308 0.554796
1.186163 0.845286 2.482910
0.962572 1.389172 3.120548
