0.571838
0.616785
0.580624
0.507373
0.564722
0.524947
0.456948
0.516404
0.477131
0.418800
0.475133
0.438602
0.393498
0.441767
0.411132
0.376394
0.417070
0.391638
0.367044
0.399285
0.377773
0.361548
0.387079
0.368639
0.357667
0.378247
0.362413
0.355322
0.372104
0.358018
0.354012
0.367490
0.355054
0.353473
0.363824
0.352687
0.353352
0.361519
0.351379
0.352926
0.359446
0.350178
0.353299
0.357962
0.349489
0.353132
0.356933
0.349177
0.352848
0.355540
0.348627
0.353624
0.354714
0.348452
0.353826
0.354304
0.348246
0.353165
0.353858
0.348171
0.353576
0.353417
0.347958
0.352940
0.353274
0.347729
0.353298
0.352847
0.347592
0.353437
0.352221
0.347152
0.354154
0.352472
0.347376
0.353399
0.352443
0.347103
0.353503
0.352228
0.347046
0.353799
0.352156
0.347142
0.353915
0.351932
0.346934
0.353693
0.352211
0.346881
0.353718
0.352325
0.347082
0.353155
0.352013
0.346890
0.353004
0.351814
0.346895
0.353608
0.351663
0.346967
0.353424
0.351536
0.346645
0.353888
0.351702
0.346758
0.353499
0.351677
0.346533
0.353428
0.351755
0.346741
0.353268
0.351437
0.346574
0.353594
0.351414
0.346814
0.353805
0.351091
0.346655
0.353743
0.351214
0.346601
0.353666
0.351226
0.346548
0.354031
0.351201
0.346481
0.353022
0.351238
0.346399
0.353373
0.350881
0.346331
0.353775
0.351043
0.346236
0.353218
0.350769
0.346119
0.353711
0.350920
0.346222
0.353518
0.350616
0.345928
0.353919
0.350928
0.346056
0.353934
0.350862
0.346282
0.353258
0.350509
0.346145
0.353971
0.350253
0.346209
0.353809
0.350415
0.346131
0.353427
0.350581
0.345932
0.353074
0.350732
0.345839
0.353559
0.350563
0.345609
0.353409
0.350660
0.345570
0.353486
0.350307
0.345517
0.353514
0.350163
0.345598
0.353942
0.350081
0.345499
0.353723
0.350451
0.345575
0.353393
0.350715
0.345766
0.353136
0.350812
0.345912
0.352607
0.350648
0.345729
0.353015
0.350794
0.345785
0.352557
0.350719
0.345917
0.352763
0.350885
0.345935
0.352291
0.350852
0.346141
0.352254
0.350572
0.346109
0.351740
0.350584
0.345871
0.352109
0.350543
0.345838
0.352284
0.350450
0.345699
0.352650
0.350293
0.345888
0.351937
0.350042
0.345851
0.351982
0.349901
0.345642
0.352622
0.350059
0.345650
0.352367
0.350092
0.345635
0.352009
0.350275
0.345536
0.351827
0.350339
0.345540
0.351675
0.350153
0.345307
0.352135
0.350349
0.345386
0.351561
0.350292
0.345254
0.352085
0.350251
0.345248
0.351962
0.350358
0.345434
0.351392
0.349972
0.345279
0.352119
0.349824
0.345343
0.352399
0.349887
0.345315
0.351627
0.349886
0.345383
0.351964
0.349757
0.345242
0.351177
0.349926
0.345145
0.351494
0.349746
0.345048
0.351447
0.349347
0.344677
0.352257
0.349684
0.344863
0.351381
0.349778
0.344660
0.351425
0.349685
0.344572
0.351778
0.349687
0.344697
0.351814
0.349532
0.344455
0.351551
0.349825
0.344399
0.351625
0.349991
0.344620
0.350925
0.349761
0.344474
0.350842
0.349595
0.344421
0.351376
0.349497
0.344427
0.351130
0.349398
0.344146
0.351637
0.349534
0.344291
0.351170
0.349547
0.344054
0.351132
0.349614
0.344165
0.350976
0.349328
0.344057
0.351229
0.349305
0.344204
0.351450
0.349000
0.344066
0.351398
0.349107
0.343981
0.351263
0.349098
0.343917
0.351603
0.349075
0.343923
0.350540
0.349123
0.343806
0.350825
0.348812
0.343727
0.351160
0.348942
0.343686
0.350702
0.348707
0.343584
0.351212
0.348793
0.343589
0.350955
0.348544
0.343366
0.351300
0.348800
0.343351
0.351377
0.348713
0.343632
0.350625
0.348411
0.343508
0.351311
0.348162
0.343453
0.351075
0.348283
0.343441
0.350757
0.348406
0.343232
0.350354
0.348516
0.343110
0.350748
0.348393
0.342984
0.350664
0.348456
0.342916
0.350627
0.348160
0.342902
0.350609
0.348045
0.342841
0.351100
0.347946
0.342766
0.350957
0.348218
0.342928
0.350718
0.348423
0.343078
0.350436
0.348489
0.343057
0.349947
0.348332
0.343003
0.350289
0.348450
0.343013
0.349759
0.348377
0.343073
0.350034
0.348506
0.343118
0.349472
0.348464
0.343350
0.349365
0.348243
0.343277
0.348810
0.348253
0.343006
0.349135
0.348203
0.343022
0.349289
0.348123
0.342908
0.349735
0.347979
0.343126
0.348910
0.347750
0.342984
0.348849
0.347663
0.342737
0.349658
0.347725
0.342858
0.349402
0.347738
0.342698
0.348893
0.347868
0.342576
0.348812
0.347864
0.342596
0.348542
0.347735
0.342434
0.349030
0.347871
0.342433
0.348292
0.347821
0.342295
0.348800
0.347787
0.342310
0.348760
0.347837
0.342646
0.348164
0.347543
0.342391
0.348685
0.347412
0.342400
0.349157
0.347454
0.342443
0.348481
0.347387
0.342484
0.348641
0.347322
0.342218
0.347788
0.347442
0.342272
0.348198
0.347259
0.342108
0.347803
0.346999
0.341714
0.348899
0.347201
0.341795
0.347817
0.347255
0.341711
0.347766
0.347185
0.341488
0.348387
0.347133
0.341756
0.348213
0.347025
0.341357
0.347871
0.347206
0.341302
0.348144
0.347336
0.341604
0.347080
0.347200
0.341594
0.347275
0.347024
0.341363
0.347729
0.346977
0.341203
0.347270
0.346889
0.341024
0.348027
0.346932
0.341365
0.347242
0.346976
0.340993
0.347398
0.346982
0.340848
0.347217
0.346753
0.340936
0.347354
0.346706
0.340900
0.347630
0.346477
0.340828
0.347592
0.346530
0.340619
0.347234
0.346483
0.340552
0.347618
0.346474
0.340774
0.346138
0.346520
0.340542
0.346311
0.346322
0.340419
0.346578
0.346405
0.340530
0.346317
0.346245
0.340544
0.347087
0.346229
0.340239
0.346468
0.346095
0.340210
0.346806
0.346245
0.339788
0.347162
0.346143
0.340345
0.345800
0.345966
0.340169
0.346753
0.345782
0.339757
0.346227
0.345851
0.339955
0.346037
0.345897
0.339734
0.345295
0.345951
0.339487
0.345518
0.345920
0.339663
0.345647
0.345928
0.339554
0.345246
0.345778
0.339675
0.345106
0.345741
0.339127
0.346089
0.345646
0.339122
0.346169
0.345750
0.339636
0.346193
0.345833
0.339683
0.345776
0.345846
0.339147
0.345293
0.345716
0.339458
0.345647
0.345782
0.339357
0.344728
0.345738
0.339224
0.345458
0.345792
0.339376
0.344436
0.345754
0.339758
0.344172
0.345663
0.339506
0.343258
0.345689
0.339003
0.343578
0.345654
0.339196
0.343775
0.345617
0.339101
0.344870
0.345518
0.339560
0.343180
0.345367
0.338995
0.342700
0.345370
0.338487
0.344718
0.345307
0.339146
0.344319
0.345283
0.338402
0.343009
0.345339
0.338085
0.343387
0.345274
0.338132
0.342528
0.345236
0.338179
0.343556
0.345285
0.337939
0.341768
0.345285
0.337592
0.342745
0.345268
0.337721
0.343042
0.345268
0.338786
0.341865
0.345135
0.338051
0.342128
0.345075
0.337989
0.343689
0.345073
0.338350
0.342922
0.344971
0.338308
0.342653
0.344966
0.337478
0.340958
0.345044
0.338116
0.342059
0.344906
0.337680
0.340008
0.344851
0.336906
0.343227
0.344877
0.336751
0.340513
0.344918
0.336967
0.340078
0.344914
0.336145
0.342362
0.344817
0.337140
0.341268
0.344762
0.335912
0.340378
0.344878
0.335899
0.341956
0.344951
0.336565
0.338576
0.344937
0.337132
0.340123
0.344855
0.336179
0.340882
0.344839
0.335321
0.339179
0.344796
0.335401
0.341750
0.344766
0.336704
0.338997
0.344830
0.335478
0.340140
0.344827
0.334400
0.339835
0.344699
0.335248
0.339679
0.344713
0.334763
0.340612
0.344561
0.334847
0.340658
0.344554
0.333951
0.339096
0.344578
0.333903
0.340032
0.344530
0.334848
0.335554
0.344680
0.334205
0.335739
0.344648
0.333678
0.336033
0.344761
0.334260
0.336598
0.344679
0.334940
0.339258
0.344694
0.333303
0.336626
0.344637
0.333775
0.337096
0.344786
0.332103
0.339061
0.344714
0.334009
0.334065
0.344755
0.333318
0.337367
0.344648
0.331723
0.334781
0.344707
0.332403
0.335054
0.344718
0.332150
0.332195
0.344905
0.331149
0.332208
0.344944
0.332060
0.333627
0.345064
0.332080
0.331363
0.345101
0.332723
0.330694
0.345192
0.330376
0.334890
0.345110
0.330473
0.335750
0.345099
0.332385
0.337118
0.345066
0.332049
0.335554
0.345070
0.329949
0.335048
0.345007
0.331180
0.335373
0.345034
0.330862
0.331342
0.345079
0.330210
0.335426
0.345080
0.330769
0.331401
0.345186
0.332037
0.329872
0.345184
0.330964
0.326623
0.345313
0.329071
0.327776
0.345411
0.329878
0.328889
0.345493
0.329374
0.333461
0.345416
0.331055
0.326460
0.345434
0.328855
0.323994
0.345571
0.327100
0.333211
0.345471
0.330159
0.331813
0.345443
0.327055
0.324921
0.345542
0.325647
0.327768
0.345573
0.325643
0.323932
0.345666
0.326210
0.328591
0.345704
0.325500
0.320183
0.345879
0.323744
0.323420
0.345979
0.324169
0.325137
0.346051
0.328157
0.323133
0.346061
0.325264
0.319689
0.346184
0.325582
0.327875
0.346245
0.326704
0.328694
0.346118
0.326559
0.324228
0.346193
0.323242
0.316528
0.346380
0.326078
0.323990
0.346278
0.324456
0.311342
0.346512
0.321223
0.325074
0.346515
0.321392
0.311961
0.346720
0.321287
0.309240
0.347040
0.317892
0.325074
0.346826
0.322806
0.316273
0.347015
0.317306
0.308714
0.347215
0.317252
0.320731
0.347306
0.319177
0.300234
0.347801
0.321415
0.315599
0.347605
0.318174
0.316145
0.347756
0.315226
0.306199
0.347936
0.315425
0.320059
0.347819
0.322383
0.302970
0.348225
0.314173
0.309659
0.348179
0.310391
0.313342
0.348229
0.313752
0.306145
0.348324
0.313708
0.314205
0.348379
0.313903
0.315479
0.348508
0.309556
0.303876
0.348549
0.309851
0.301148
0.349035
0.311356
0.282163
0.349211
0.308985
0.283311
0.349606
0.306853
0.277782
0.350050
0.306403
0.292933
0.350749
0.312335
0.306747
0.350036
0.304677
0.291330
0.350415
0.305670
0.282426
0.350560
0.299527
0.294232
0.350686
0.308231
0.273451
0.350898
0.302456
0.287204
0.351145
0.298121
0.262246
0.352514
0.298595
0.268801
0.352605
0.297655
0.255439
0.352121
0.292760
0.252506
0.353704
0.292206
0.266269
0.352810
0.293204
0.248878
0.353020
0.294925
0.243786
0.353240
0.285868
0.262793
0.355105
0.284883
0.264738
0.354976
0.292634
0.280241
0.354716
0.290010
0.264645
0.354207
0.283481
0.275891
0.354145
0.286372
0.257388
0.354738
0.283270
0.227652
0.355555
0.281783
0.255915
0.356137
0.280311
0.232369
0.354967
0.288237
