0.200000 0.100000 0.700000 0.300000 0.500000 0.400000 0.900000 0.500000 0.200000 
0.218017 0.034962 0.637602 0.316771 0.439459 0.341916 0.917617 0.436403 0.138984 
0.158020 0.065351 0.573001 0.261130 0.467641 0.282005 0.858997 0.466095 0.075865 
0.094378 -0.001565 0.602293 0.201864 0.405327 0.309283 0.796888 0.400792 0.104452 
0.119687 -0.066842 0.537675 0.225127 0.345327 0.249889 0.821492 0.337332 0.041632 
0.055498 -0.027809 0.471429 0.165898 0.381343 0.188762 0.759016 0.375323 -0.022846 
-0.011216 -0.095040 0.509406 0.104092 0.319058 0.223944 0.694167 0.309970 0.014069 
0.022281 -0.158842 0.444231 0.134840 0.260492 0.164119 0.726605 0.248183 -0.049047 
-0.043904 -0.111868 0.378871 0.074036 0.303647 0.104073 0.662454 0.293714 -0.112398 
-0.110979 -0.177309 0.424988 0.012171 0.243289 0.146608 0.597498 0.230341 -0.067738 
-0.069237 -0.237822 0.361366 0.050348 0.187944 0.088420 0.637748 0.171992 -0.129084 
-0.135012 -0.184456 0.298733 -0.009930 0.236851 0.031021 0.574224 0.223531 -0.189573 
-0.199314 -0.246210 0.351117 -0.069089 0.180037 0.079214 0.512145 0.163912 -0.139000 
-0.149882 -0.303626 0.289404 -0.023984 0.127648 0.022904 0.559634 0.108752 -0.198287 
-0.212876 -0.245985 0.230937 -0.081440 0.180221 -0.030423 0.498999 0.164235 -0.254565 
-0.273406 -0.304006 0.288114 -0.136996 0.126968 0.022055 0.440731 0.108382 -0.199524 
-0.219294 -0.356592 0.230771 -0.087882 0.079239 -0.029992 0.492517 0.058056 -0.254404 
-0.278728 -0.296077 0.176272 -0.141983 0.134324 -0.079600 0.435479 0.116131 -0.306706 
-0.335320 -0.350836 0.237027 -0.193888 0.084101 -0.023878 0.381144 0.063557 -0.248374 
-0.277640 -0.399786 0.183117 -0.141558 0.039691 -0.072788 0.436206 0.016829 -0.299837 
-0.333355 -0.337372 0.132158 -0.192259 0.096490 -0.119161 0.382816 0.076639 -0.348670 
-0.385988 -0.389069 0.195288 -0.240508 0.049100 -0.061291 0.332383 0.027104 -0.288179 
-0.324484 -0.435809 0.143329 -0.184624 0.006631 -0.108501 0.391047 -0.017478 -0.337738 
-0.376924 -0.371993 0.095392 -0.232304 0.064654 -0.152087 0.340888 0.043563 -0.383590 
-0.425914 -0.420753 0.159818 -0.277170 0.019999 -0.093084 0.294000 -0.003105 -0.321930 
-0.362797 -0.464876 0.110590 -0.219731 -0.020154 -0.137883 0.354159 -0.045159 -0.368849 
-0.412129 -0.400515 0.065408 -0.264522 0.038282 -0.178906 0.307030 0.016327 -0.412013 
-0.458275 -0.447006 0.131023 -0.306791 -0.004303 -0.118805 0.262928 -0.028105 -0.349305 
-0.394362 -0.488850 0.084205 -0.248565 -0.042423 -0.161457 0.323822 -0.067972 -0.393912 
-0.441280 -0.423807 0.041084 -0.291198 0.016680 -0.200639 0.279032 -0.005879 -0.435077 
-0.484894 -0.468281 0.107255 -0.331152 -0.024062 -0.140022 0.237388 -0.048345 -0.371894 
-0.420375 -0.508355 0.062321 -0.272642 -0.060403 -0.180772 0.298736 -0.086449 -0.414621 
-0.465300 -0.442694 0.020864 -0.313517 -0.000661 -0.218491 0.255886 -0.023821 -0.454163 
-0.506841 -0.485567 0.087466 -0.351573 -0.039938 -0.157476 0.216241 -0.064738 -0.390599 
-0.442440 -0.524061 0.044340 -0.293217 -0.074819 -0.196554 0.277416 -0.101304 -0.431566 
-0.485362 -0.458605 0.004474 -0.332190 -0.015385 -0.232753 0.236503 -0.038912 -0.469566 
-0.525107 -0.500052 0.071164 -0.368590 -0.053344 -0.171675 0.198589 -0.078449 -0.405948 
-0.459536 -0.537620 0.028993 -0.308805 -0.087598 -0.210125 0.260967 -0.114188 -0.446065 
-0.501126 -0.471834 -0.009692 -0.346602 -0.027811 -0.245281 0.221334 -0.051497 -0.482930 
-0.539571 -0.512205 0.057348 -0.381801 -0.064776 -0.183900 0.184686 -0.089982 -0.419024 
-0.474935 -0.548507 0.016676 -0.323093 -0.097749 -0.220843 0.246062 -0.124452 -0.457644 
-0.515312 -0.482416 -0.021078 -0.359830 -0.037616 -0.255193 0.207597 -0.061492 -0.493610 
-0.552518 -0.521871 0.046031 -0.393907 -0.073753 -0.193728 0.172136 -0.099097 -0.429648 
-0.486826 -0.557626 0.005920 -0.334126 -0.106290 -0.230229 0.234577 -0.133082 -0.467774 
-0.526136 -0.491715 -0.030908 -0.369880 -0.046341 -0.263727 0.197134 -0.070300 -0.502854 
-0.562377 -0.530323 0.036097 -0.403067 -0.081696 -0.202367 0.162601 -0.107088 -0.439008 
-0.496549 -0.565415 -0.003261 -0.343246 -0.113585 -0.238135 0.225125 -0.140418 -0.476390 
-0.535137 -0.499164 -0.039432 -0.378369 -0.053282 -0.271058 0.188380 -0.077331 -0.510834 
-0.570578 -0.537088 0.027424 -0.410804 -0.087991 -0.209871 0.154603 -0.113475 -0.447116 
-0.506275 -0.571335 -0.010800 -0.352669 -0.118954 -0.244430 0.215512 -0.145915 -0.483323 
-0.544026 -0.505081 -0.046377 -0.387030 -0.058648 -0.276813 0.179574 -0.082841 -0.517192 
-0.578711 -0.542533 0.020569 -0.418776 -0.092927 -0.215538 0.146529 -0.118522 -0.453412 
-0.513229 -0.576577 -0.017447 -0.359292 -0.123853 -0.250072 0.208712 -0.150850 -0.489512 
-0.550339 -0.510514 -0.052460 -0.393063 -0.063733 -0.281936 0.173392 -0.087976 -0.522836 
-0.584529 -0.547560 0.014696 -0.424332 -0.097613 -0.220520 0.140832 -0.123255 -0.458883 
-0.518430 -0.581311 -0.023031 -0.364174 -0.128330 -0.254855 0.203600 -0.155305 -0.494708 
-0.555019 -0.515663 -0.057534 -0.397401 -0.068712 -0.286189 0.168777 -0.092824 -0.527547 
-0.588739 -0.552153 0.009155 -0.428235 -0.102080 -0.225207 0.136666 -0.127574 -0.464039 
-0.523755 -0.585356 -0.027860 -0.369342 -0.132171 -0.258753 0.198272 -0.159051 -0.499130 
-0.559981 -0.519307 -0.062074 -0.402286 -0.072106 -0.289868 0.163816 -0.096230 -0.531672 
-0.593297 -0.555523 0.004728 -0.432749 -0.105220 -0.228787 0.132089 -0.130718 -0.468058 
-0.527679 -0.588554 -0.032081 -0.373010 -0.135291 -0.262299 0.194408 -0.162088 -0.503017 
-0.563405 -0.523417 -0.065842 -0.405331 -0.076362 -0.292842 0.160451 -0.100175 -0.535106 
-0.596430 -0.559263 0.000896 -0.435527 -0.109138 -0.231820 0.129019 -0.134292 -0.471586 
-0.531836 -0.591851 -0.035423 -0.377190 -0.138569 -0.264621 0.190221 -0.165169 -0.505998 
-0.567326 -0.526145 -0.069019 -0.409397 -0.078940 -0.295110 0.156462 -0.102666 -0.537958 
-0.600005 -0.561745 -0.002383 -0.439256 -0.111467 -0.234224 0.125353 -0.136555 -0.474523 
-0.535424 -0.594142 -0.038462 -0.380870 -0.140758 -0.266844 0.186530 -0.167245 -0.508701 
-0.570614 -0.528339 -0.071852 -0.412843 -0.080968 -0.297182 0.153069 -0.104674 -0.540451 
-0.602998 -0.563745 -0.005295 -0.442427 -0.113313 -0.236379 0.122250 -0.138369 -0.477110 
-0.539060 -0.595893 -0.041003 -0.384623 -0.142377 -0.268662 0.182792 -0.168810 -0.510921 
-0.573795 -0.530947 -0.074108 -0.416024 -0.083665 -0.298589 0.149787 -0.107100 -0.542377 
-0.605889 -0.566102 -0.007691 -0.445344 -0.115782 -0.237912 0.119251 -0.140549 -0.479183 
-0.540222 -0.598311 -0.043641 -0.385738 -0.145019 -0.270544 0.181539 -0.171101 -0.513283 
-0.574893 -0.533155 -0.076577 -0.417143 -0.086000 -0.300377 0.148581 -0.109165 -0.544591 
-0.606954 -0.568212 -0.009742 -0.446403 -0.117995 -0.239380 0.118092 -0.142505 -0.481031 
-0.542389 -0.600114 -0.045313 -0.388140 -0.146783 -0.271480 0.179269 -0.172732 -0.514736 
-0.576906 -0.534765 -0.078161 -0.419436 -0.087532 -0.301262 0.146448 -0.110595 -0.545969 
-0.608730 -0.569597 -0.011780 -0.448487 -0.119328 -0.240666 0.116173 -0.143732 -0.482818 
-0.544294 -0.601374 -0.047176 -0.390304 -0.148022 -0.272627 0.177235 -0.173845 -0.516361 
-0.578649 -0.536066 -0.079903 -0.421407 -0.088897 -0.302256 0.144575 -0.111758 -0.547474 
-0.610328 -0.570810 -0.013434 -0.450321 -0.120608 -0.241588 0.114449 -0.144798 -0.484265 
-0.545620 -0.602528 -0.048778 -0.391759 -0.149313 -0.273575 0.175766 -0.174853 -0.517757 
-0.579888 -0.536979 -0.081422 -0.422843 -0.089856 -0.303186 0.143189 -0.112540 -0.548790 
-0.611485 -0.571677 -0.014822 -0.451646 -0.121486 -0.242473 0.113137 -0.145541 -0.485446 
-0.546689 -0.603333 -0.050068 -0.392887 -0.150192 -0.274436 0.174601 -0.175569 -0.518880 
-0.580741 -0.538635 -0.082540 -0.423606 -0.091828 -0.303729 0.142259 -0.114121 -0.549720 
-0.612250 -0.573165 -0.016040 -0.452339 -0.123316 -0.243088 0.112301 -0.146950 -0.486496 
-0.547382 -0.604708 -0.051234 -0.393604 -0.151877 -0.274954 0.173837 -0.176873 -0.519882 
-0.581431 -0.539634 -0.083678 -0.424393 -0.093034 -0.304291 0.141499 -0.115069 -0.550695 
-0.612861 -0.574040 -0.017364 -0.453046 -0.124399 -0.243837 0.111622 -0.147775 -0.487657 
-0.547675 -0.605543 -0.052527 -0.393877 -0.152995 -0.275754 0.173469 -0.177665 -0.521019 
-0.581735 -0.540243 -0.084903 -0.424716 -0.093871 -0.305068 0.141106 -0.115618 -0.551782 
-0.613134 -0.574578 -0.018670 -0.453329 -0.125159 -0.244712 0.111250 -0.148265 -0.488805 
-0.548803 -0.605939 -0.053577 -0.395211 -0.153490 -0.276247 0.172236 -0.177995 -0.521897 
-0.582697 -0.541055 -0.085833 -0.425845 -0.094848 -0.305400 0.140027 -0.116335 -0.552550 
-0.613982 -0.575254 -0.019959 -0.454319 -0.125974 -0.245445 0.110284 -0.148848 -0.489923 
-0.550263 -0.606498 -0.054690 -0.396993 -0.154084 -0.276691 0.170543 -0.178395 -0.522769 
-0.584074 -0.541309 -0.086937 -0.427562 -0.095147 -0.305847 0.138443 -0.116507 -0.553384 
-0.615253 -0.575533 -0.020843 -0.455943 -0.126300 -0.245681 0.108814 -0.149030 -0.490573 
-0.550793 -0.606843 -0.055664 -0.397731 -0.154575 -0.277127 0.169872 -0.178688 -0.523557 
-0.584526 -0.541862 -0.087822 -0.428194 -0.095894 -0.306168 0.137832 -0.116968 -0.554101 
-0.615697 -0.576102 -0.021400 -0.456552 -0.127043 -0.245742 0.108224 -0.149491 -0.491011 
-0.551811 -0.607299 -0.056080 -0.399003 -0.155145 -0.276981 0.168701 -0.179022 -0.523839 
-0.585415 -0.542550 -0.088198 -0.429314 -0.096740 -0.305953 0.136789 -0.117534 -0.554341 
-0.616475 -0.576679 -0.022047 -0.457569 -0.127786 -0.245777 0.107283 -0.149954 -0.491501 
-0.551738 -0.607930 -0.056866 -0.399053 -0.156034 -0.277250 0.168617 -0.179562 -0.524490 
-0.585353 -0.543125 -0.088956 -0.429366 -0.097595 -0.306189 0.136710 -0.118049 -0.554950 
-0.616436 -0.577219 -0.022717 -0.457608 -0.128572 -0.246004 0.107174 -0.150446 -0.492008 
-0.552247 -0.608351 -0.057367 -0.399619 -0.156696 -0.277307 0.168009 -0.179951 -0.524848 
-0.585790 -0.543694 -0.089402 -0.429870 -0.098386 -0.306198 0.136151 -0.118543 -0.555273 
-0.616775 -0.577646 -0.023633 -0.458042 -0.129255 -0.246400 0.106713 -0.150800 -0.492786 
-0.552434 -0.608773 -0.058294 -0.400094 -0.157289 -0.277616 0.167632 -0.180272 -0.525604 
-0.586024 -0.543661 -0.090335 -0.430426 -0.098494 -0.306550 0.135734 -0.118442 -0.556030 
-0.617001 -0.577662 -0.024327 -0.458587 -0.129404 -0.246542 0.106321 -0.150727 -0.493353 
-0.553353 -0.608708 -0.058817 -0.401395 -0.157300 -0.277533 0.166506 -0.180083 -0.525967 
-0.586826 -0.543810 -0.090823 -0.431569 -0.098799 -0.306385 0.134733 -0.118482 -0.556346 
-0.617709 -0.577757 -0.025040 -0.459622 -0.129635 -0.246630 0.105403 -0.150721 -0.493873 
-0.553565 -0.608858 -0.059602 -0.401975 -0.157586 -0.277692 0.166103 -0.180152 -0.526579 
-0.587071 -0.543479 -0.091619 -0.432250 -0.098509 -0.306623 0.134305 -0.118105 -0.556965 
-0.617972 -0.577540 -0.025414 -0.460285 -0.129411 -0.246560 0.104981 -0.150428 -0.494138 
-0.553806 -0.608662 -0.059962 -0.402555 -0.157410 -0.277642 0.165696 -0.179876 -0.526828 
-0.587176 -0.544048 -0.091883 -0.432586 -0.099261 -0.306370 0.134034 -0.118567 -0.557117 
-0.618046 -0.578033 -0.025819 -0.460588 -0.130087 -0.246445 0.104735 -0.150821 -0.494417 
-0.553951 -0.609102 -0.060330 -0.402887 -0.158057 -0.277513 0.165388 -0.180222 -0.527074 
-0.587324 -0.544323 -0.092252 -0.432949 -0.099708 -0.306266 0.133710 -0.118735 -0.557374 
-0.618169 -0.578280 -0.026208 -0.460928 -0.130509 -0.246358 0.104441 -0.150957 -0.494704 
-0.554274 -0.609302 -0.060653 -0.403418 -0.158432 -0.277361 0.164921 -0.180321 -0.527308 
-0.587635 -0.544365 -0.092595 -0.433477 -0.099922 -0.306142 0.133279 -0.118730 -0.557605 
-0.618447 -0.578312 -0.026579 -0.461413 -0.130700 -0.246288 0.104047 -0.150936 -0.494973 
-0.553717 -0.609431 -0.061189 -0.403076 -0.158745 -0.277479 0.165347 -0.180406 -0.527748 
-0.587022 -0.545214 -0.093026 -0.432954 -0.101136 -0.306040 0.133760 -0.119502 -0.557943 
-0.617833 -0.578994 -0.027467 -0.460892 -0.131766 -0.246594 0.104510 -0.151569 -0.495707 
-0.554617 -0.609872 -0.061715 -0.404210 -0.159453 -0.277303 0.164301 -0.180774 -0.528099 
-0.587919 -0.545058 -0.093593 -0.434191 -0.101102 -0.306002 0.132709 -0.119287 -0.558341 
-0.618650 -0.578855 -0.028024 -0.462040 -0.131729 -0.246582 0.103553 -0.151352 -0.496133 
-0.555390 -0.609747 -0.062248 -0.405245 -0.159464 -0.277309 0.163396 -0.180576 -0.528509 
-0.588554 -0.545360 -0.094048 -0.435057 -0.101585 -0.305895 0.131936 -0.119495 -0.558676 
-0.619254 -0.579177 -0.028240 -0.462859 -0.132210 -0.246299 0.102816 -0.151571 -0.496255 
-0.555237 -0.610134 -0.062615 -0.405289 -0.160049 -0.277212 0.163459 -0.180897 -0.528818 
-0.588419 -0.545729 -0.094415 -0.435085 -0.102216 -0.305767 0.131992 -0.119822 -0.558974 
-0.619076 -0.579417 -0.029095 -0.462848 -0.132725 -0.246611 0.102902 -0.151788 -0.496992 
-0.556131 -0.610235 -0.063242 -0.406593 -0.160268 -0.277130 0.162344 -0.180891 -0.529239 
-0.589192 -0.546052 -0.094984 -0.436257 -0.102679 -0.305611 0.130983 -0.120009 -0.559349 
-0.619802 -0.579749 -0.029493 -0.463940 -0.133155 -0.246381 0.101946 -0.151975 -0.497222 
-0.556136 -0.610633 -0.063778 -0.406901 -0.160824 -0.277098 0.162116 -0.181163 -0.529625 
-0.589244 -0.546025 -0.095564 -0.436647 -0.102777 -0.305656 0.130743 -0.119941 -0.559745 
-0.619854 -0.579761 -0.029884 -0.464329 -0.133285 -0.246260 0.101720 -0.151927 -0.497471 
-0.556887 -0.610555 -0.064007 -0.408014 -0.160826 -0.276777 0.161196 -0.181014 -0.529702 
-0.589843 -0.546520 -0.095721 -0.437545 -0.103446 -0.305196 0.129957 -0.120316 -0.559764 
-0.620369 -0.580164 -0.030300 -0.465148 -0.133869 -0.246036 0.101002 -0.152228 -0.497708 
-0.556516 -0.611032 -0.064588 -0.407909 -0.161541 -0.276773 0.161405 -0.181429 -0.530144 
-0.589590 -0.546332 -0.096361 -0.437615 -0.103430 -0.305311 0.130062 -0.120116 -0.560254 
-0.620126 -0.579999 -0.030903 -0.465221 -0.133866 -0.246133 0.101132 -0.152012 -0.498237 
-0.556007 -0.610918 -0.065233 -0.407777 -0.161566 -0.276890 0.161732 -0.181234 -0.530684 
-0.589102 -0.546227 -0.096965 -0.437515 -0.103437 -0.305402 0.130366 -0.119923 -0.560757 
-0.619672 -0.579892 -0.031574 -0.465116 -0.133833 -0.246362 0.101393 -0.151830 -0.498782 
-0.557056 -0.610629 -0.065543 -0.409198 -0.161282 -0.276697 0.160517 -0.180853 -0.530857 
-0.590058 -0.545898 -0.097276 -0.438847 -0.103128 -0.305207 0.129249 -0.119522 -0.560923 
-0.620515 -0.579555 -0.032082 -0.466352 -0.133522 -0.246332 0.100382 -0.151422 -0.499134 
-0.556866 -0.610451 -0.066246 -0.409355 -0.161189 -0.276925 0.160544 -0.180625 -0.531426 
-0.589788 -0.546328 -0.097871 -0.438848 -0.103743 -0.305258 0.129356 -0.119878 -0.561387 
-0.620290 -0.580010 -0.032370 -0.466374 -0.134139 -0.246147 0.100481 -0.151763 -0.499379 
-0.556513 -0.610887 -0.066552 -0.409318 -0.161762 -0.276727 0.160794 -0.180963 -0.531704 
-0.589423 -0.547103 -0.098144 -0.438700 -0.104817 -0.304932 0.129624 -0.120553 -0.561625 
-0.619951 -0.580706 -0.032695 -0.466229 -0.135119 -0.245912 0.100713 -0.152376 -0.499643 
-0.556524 -0.611489 -0.066812 -0.409628 -0.162589 -0.276357 0.160639 -0.181460 -0.531877 
-0.589403 -0.547784 -0.098385 -0.438999 -0.105683 -0.304560 0.129494 -0.121116 -0.561784 
-0.619917 -0.581317 -0.033016 -0.466501 -0.135906 -0.245643 0.100608 -0.152859 -0.499902 
-0.557157 -0.611974 -0.066993 -0.410674 -0.163177 -0.275867 0.159869 -0.181808 -0.531985 
-0.590061 -0.547655 -0.098657 -0.440135 -0.105588 -0.304217 0.128725 -0.120928 -0.561956 
-0.620533 -0.581236 -0.033103 -0.467574 -0.135826 -0.245189 0.099890 -0.152705 -0.499924 
-0.557453 -0.611929 -0.067125 -0.411214 -0.163249 -0.275586 0.159529 -0.181723 -0.532090 
-0.590253 -0.548203 -0.098719 -0.440480 -0.106390 -0.303776 0.128469 -0.121379 -0.562007 
-0.620660 -0.581652 -0.033588 -0.467875 -0.136527 -0.245095 0.099669 -0.153061 -0.500319 
-0.557872 -0.612281 -0.067552 -0.411916 -0.163825 -0.275365 0.158951 -0.181979 -0.532385 
-0.590699 -0.547956 -0.099207 -0.441310 -0.106225 -0.303711 0.127888 -0.121111 -0.562339 
-0.621043 -0.581393 -0.034261 -0.468636 -0.136336 -0.245225 0.099160 -0.152768 -0.500850 
-0.558361 -0.612029 -0.068170 -0.412833 -0.163610 -0.275412 0.158350 -0.181698 -0.532870 
-0.591084 -0.548077 -0.099752 -0.442084 -0.106445 -0.303643 0.127389 -0.121190 -0.562752 
-0.621371 -0.581464 -0.035025 -0.469339 -0.136490 -0.245394 0.098712 -0.152802 -0.501464 
-0.558733 -0.612092 -0.068890 -0.413624 -0.163733 -0.275517 0.157849 -0.181719 -0.533437 
-0.591428 -0.548027 -0.100444 -0.442868 -0.106431 -0.303740 0.126907 -0.121089 -0.563300 
-0.621703 -0.581483 -0.035396 -0.470108 -0.136533 -0.245212 0.098275 -0.152730 -0.501781 
-0.558349 -0.612207 -0.069414 -0.413674 -0.163901 -0.275514 0.158070 -0.181727 -0.533887 
-0.590967 -0.548955 -0.100865 -0.442676 -0.107662 -0.303478 0.127213 -0.121892 -0.563639 
-0.621259 -0.582306 -0.035956 -0.469920 -0.137657 -0.245100 0.098564 -0.153434 -0.502252 
-0.557680 -0.612987 -0.069990 -0.413210 -0.165023 -0.275458 0.158575 -0.182392 -0.534376 
-0.590362 -0.549618 -0.101433 -0.442279 -0.108659 -0.303425 0.127664 -0.122456 -0.564117 
-0.620691 -0.582884 -0.036667 -0.469530 -0.138550 -0.245230 0.098963 -0.153936 -0.502826 
-0.557109 -0.613509 -0.070653 -0.412736 -0.165906 -0.275588 0.158980 -0.182844 -0.534907 
-0.589866 -0.549803 -0.102088 -0.441956 -0.109079 -0.303629 0.127983 -0.122561 -0.564653 
-0.620232 -0.583055 -0.037304 -0.469230 -0.138946 -0.245440 0.099251 -0.154025 -0.503354 
-0.556619 -0.613662 -0.071246 -0.412366 -0.166306 -0.275781 0.159336 -0.182934 -0.535414 
-0.589422 -0.549871 -0.102666 -0.441629 -0.109400 -0.303810 0.128310 -0.122600 -0.565131 
-0.619851 -0.583173 -0.037595 -0.468934 -0.139283 -0.245419 0.099564 -0.154060 -0.503658 
-0.557144 -0.613678 -0.071377 -0.413227 -0.166382 -0.275430 0.158662 -0.182808 -0.535496 
-0.589858 -0.550151 -0.102779 -0.442362 -0.109807 -0.303396 0.127736 -0.122755 -0.565182 
-0.620212 -0.583369 -0.038020 -0.469603 -0.139619 -0.245277 0.099032 -0.154168 -0.503942 
-0.556694 -0.613946 -0.071934 -0.412944 -0.166894 -0.275529 0.158972 -0.183023 -0.535946 
-0.589458 -0.550292 -0.103323 -0.442132 -0.110188 -0.303491 0.127997 -0.122844 -0.565621 
-0.619810 -0.583449 -0.038822 -0.469366 -0.139938 -0.245617 0.099309 -0.154185 -0.504654 
-0.556631 -0.613986 -0.072635 -0.413225 -0.167073 -0.275664 0.158908 -0.182991 -0.536552 
-0.589383 -0.550454 -0.103988 -0.442344 -0.110589 -0.303539 0.127960 -0.122960 -0.566178 
-0.619781 -0.583668 -0.039119 -0.469582 -0.140350 -0.245413 0.099252 -0.154327 -0.504915 
-0.556158 -0.614229 -0.073001 -0.412834 -0.167609 -0.275633 0.159275 -0.183159 -0.536879 
-0.588956 -0.550605 -0.104348 -0.442006 -0.111019 -0.303514 0.128284 -0.123040 -0.566499 
-0.619340 -0.583726 -0.039886 -0.469234 -0.140700 -0.245749 0.099585 -0.154324 -0.505613 
-0.556180 -0.614220 -0.073615 -0.412959 -0.167869 -0.275800 0.159199 -0.183106 -0.537447 
-0.589001 -0.550335 -0.104966 -0.442200 -0.110955 -0.303730 0.128214 -0.122795 -0.567044 
-0.619395 -0.583488 -0.040439 -0.469410 -0.140635 -0.245962 0.099504 -0.154110 -0.506094 
-0.556177 -0.614012 -0.074168 -0.413213 -0.167769 -0.275946 0.159138 -0.182903 -0.537911 
-0.588888 -0.550868 -0.105400 -0.442248 -0.111721 -0.303667 0.128248 -0.123274 -0.567404 
-0.619300 -0.583995 -0.040775 -0.469458 -0.141359 -0.245848 0.099538 -0.154546 -0.506398 
-0.556896 -0.614399 -0.074367 -0.414395 -0.168187 -0.275487 0.158313 -0.183183 -0.538035 
-0.589571 -0.551055 -0.105626 -0.443414 -0.111931 -0.303249 0.127454 -0.123359 -0.567557 
-0.619899 -0.584150 -0.041109 -0.470554 -0.141547 -0.245514 0.098837 -0.154586 -0.506681 
-0.557381 -0.614545 -0.074687 -0.415142 -0.168487 -0.275274 0.157760 -0.183233 -0.538328 
-0.590032 -0.551053 -0.105966 -0.444148 -0.112083 -0.303062 0.126947 -0.123314 -0.567846 
-0.620337 -0.584161 -0.041380 -0.471235 -0.141675 -0.245333 0.098352 -0.154555 -0.506904 
-0.557863 -0.614550 -0.074944 -0.415855 -0.168614 -0.275087 0.157208 -0.183184 -0.538525 
-0.590484 -0.550916 -0.106236 -0.444859 -0.112037 -0.302909 0.126436 -0.123157 -0.568043 
-0.620679 -0.583928 -0.042206 -0.471871 -0.141570 -0.245626 0.097937 -0.154315 -0.507609 
-0.557457 -0.614437 -0.075915 -0.415850 -0.168604 -0.275496 0.157408 -0.183014 -0.539319 
-0.590064 -0.551155 -0.107118 -0.444746 -0.112524 -0.303148 0.126644 -0.123306 -0.568759 
-0.620276 -0.584121 -0.043227 -0.471743 -0.141982 -0.246056 0.098125 -0.154424 -0.508450 
-0.558081 -0.614487 -0.076660 -0.416852 -0.168782 -0.275563 0.156654 -0.183000 -0.539912 
-0.590588 -0.551416 -0.107812 -0.445644 -0.112918 -0.303155 0.126015 -0.123553 -0.569274 
-0.620769 -0.584402 -0.043707 -0.472611 -0.142391 -0.245878 0.097553 -0.154660 -0.508822 
-0.558906 -0.614700 -0.077045 -0.417998 -0.169138 -0.275309 0.155769 -0.183171 -0.540194 
-0.591324 -0.551758 -0.108155 -0.446702 -0.113404 -0.302856 0.125182 -0.123783 -0.569547 
-0.621450 -0.584738 -0.043953 -0.473609 -0.142860 -0.245516 0.096797 -0.154858 -0.509055 
-0.558530 -0.615157 -0.077545 -0.417996 -0.169746 -0.275207 0.155913 -0.183438 -0.540617 
-0.590966 -0.552217 -0.108653 -0.446693 -0.114063 -0.302728 0.125340 -0.124113 -0.569938 
-0.621097 -0.585117 -0.044691 -0.473568 -0.143408 -0.245677 0.096938 -0.155126 -0.509646 
-0.558276 -0.615486 -0.078203 -0.417962 -0.170289 -0.275340 0.156006 -0.183681 -0.541156 
-0.590685 -0.552854 -0.109238 -0.446580 -0.114984 -0.302745 0.125446 -0.124623 -0.570420 
-0.620841 -0.585732 -0.045126 -0.473477 -0.144309 -0.245561 0.097056 -0.155576 -0.510062 
-0.558290 -0.616009 -0.078533 -0.418074 -0.171126 -0.275150 0.155964 -0.184090 -0.541523 
-0.590708 -0.553290 -0.109570 -0.446710 -0.115725 -0.302566 0.125403 -0.124964 -0.570781 
-0.620846 -0.586111 -0.045562 -0.473591 -0.144999 -0.245475 0.097045 -0.155846 -0.510554 
-0.558419 -0.616366 -0.078981 -0.418592 -0.171654 -0.274917 0.155689 -0.184267 -0.541948 
-0.590838 -0.553433 -0.110044 -0.447263 -0.115995 -0.302390 0.125171 -0.125025 -0.571190 
-0.620961 -0.586247 -0.046021 -0.474115 -0.145245 -0.245321 0.096831 -0.155897 -0.510956 
-0.559045 -0.616425 -0.079308 -0.419619 -0.171807 -0.274618 0.155003 -0.184251 -0.542230 
-0.591362 -0.553877 -0.110317 -0.448121 -0.116643 -0.301966 0.124568 -0.125345 -0.571433 
-0.621423 -0.586624 -0.046469 -0.474900 -0.145815 -0.245089 0.096289 -0.156150 -0.511370 
-0.558720 -0.616857 -0.079877 -0.419390 -0.172579 -0.274664 0.155245 -0.184576 -0.542782 
-0.591084 -0.554146 -0.110885 -0.447942 -0.117257 -0.302019 0.124776 -0.125538 -0.571973 
-0.621187 -0.586901 -0.046874 -0.474732 -0.146408 -0.245051 0.096488 -0.156319 -0.511821 
-0.559482 -0.616991 -0.080059 -0.420324 -0.172940 -0.274312 0.154491 -0.184604 -0.543015 
-0.591810 -0.554080 -0.111102 -0.448868 -0.117392 -0.301721 0.124086 -0.125435 -0.572211 
-0.621849 -0.586832 -0.047118 -0.475602 -0.146542 -0.244775 0.095866 -0.156205 -0.512100 
-0.559301 -0.617035 -0.080490 -0.420405 -0.173195 -0.274226 0.154636 -0.184583 -0.543457 
-0.591606 -0.554332 -0.111481 -0.448906 -0.117875 -0.301568 0.124240 -0.125587 -0.572617 
-0.621639 -0.587031 -0.047673 -0.475625 -0.146967 -0.244800 0.096029 -0.156302 -0.512679 
-0.559029 -0.617236 -0.081059 -0.420483 -0.173569 -0.274205 0.154770 -0.184641 -0.544002 
-0.591393 -0.554242 -0.112077 -0.449040 -0.117983 -0.301575 0.124349 -0.125427 -0.573158 
-0.621432 -0.586917 -0.048434 -0.475727 -0.147011 -0.245036 0.096105 -0.156149 -0.513320 
-0.560255 -0.616953 -0.081489 -0.422079 -0.173350 -0.274023 0.153425 -0.184291 -0.544291 
-0.592510 -0.553966 -0.112501 -0.450535 -0.117782 -0.301381 0.123123 -0.125118 -0.573424 
-0.622457 -0.586676 -0.048793 -0.477138 -0.146840 -0.244787 0.094994 -0.155843 -0.513583 
-0.560215 -0.616860 -0.082044 -0.422366 -0.173401 -0.274048 0.153419 -0.184176 -0.544796 
-0.592429 -0.554065 -0.113005 -0.450781 -0.118012 -0.301357 0.123166 -0.125205 -0.573871 
-0.622411 -0.586812 -0.049086 -0.477369 -0.147051 -0.244676 0.095030 -0.155936 -0.513887 
-0.559582 -0.617063 -0.082473 -0.421999 -0.173710 -0.274099 0.153892 -0.184277 -0.545166 
-0.591793 -0.554665 -0.113356 -0.450330 -0.118828 -0.301262 0.123607 -0.125609 -0.574202 
-0.621759 -0.587269 -0.049941 -0.476913 -0.147752 -0.245005 0.095471 -0.156223 -0.514660 
-0.560004 -0.617358 -0.083065 -0.422687 -0.174174 -0.274090 0.153283 -0.184391 -0.545668 
-0.592215 -0.554594 -0.113997 -0.451065 -0.118877 -0.301343 0.123074 -0.125528 -0.574679 
-0.622159 -0.587229 -0.050453 -0.477611 -0.147808 -0.245010 0.094967 -0.156161 -0.515032 
-0.559768 -0.617386 -0.083654 -0.422617 -0.174389 -0.274275 0.153476 -0.184442 -0.546168 
-0.591885 -0.555502 -0.114446 -0.450750 -0.120182 -0.301248 0.123329 -0.126352 -0.575072 
-0.621834 -0.588045 -0.050995 -0.477310 -0.149041 -0.244978 0.095249 -0.156862 -0.515583 
-0.560452 -0.618033 -0.084005 -0.423660 -0.175251 -0.273829 0.152728 -0.184943 -0.546494 
-0.592593 -0.555586 -0.114861 -0.451883 -0.120418 -0.300923 0.122556 -0.126322 -0.575459 
-0.622485 -0.588109 -0.051493 -0.478354 -0.149219 -0.244807 0.094519 -0.156826 -0.516025 
-0.561115 -0.618092 -0.084489 -0.424639 -0.175462 -0.273688 0.151917 -0.184868 -0.546886 
-0.593187 -0.555561 -0.115350 -0.452850 -0.120458 -0.300834 0.121861 -0.126265 -0.575808 
-0.623011 -0.588070 -0.052077 -0.479261 -0.149246 -0.244802 0.093907 -0.156735 -0.516504 
-0.562230 -0.617968 -0.084896 -0.426060 -0.175416 -0.273528 0.150824 -0.184733 -0.547236 
-0.594110 -0.556274 -0.115642 -0.453951 -0.121442 -0.300427 0.120936 -0.126892 -0.576062 
-0.623837 -0.588696 -0.052527 -0.480286 -0.150165 -0.244511 0.093095 -0.157256 -0.516953 
-0.561404 -0.618769 -0.085721 -0.425491 -0.176559 -0.273645 0.151434 -0.185357 -0.547970 
-0.593357 -0.556867 -0.116448 -0.453495 -0.122310 -0.300573 0.121475 -0.127320 -0.576779 
-0.623197 -0.589335 -0.052881 -0.479868 -0.151005 -0.244392 0.093569 -0.157684 -0.517331 
-0.561848 -0.619235 -0.085833 -0.426351 -0.177088 -0.273137 0.150953 -0.185652 -0.548153 
-0.593788 -0.557143 -0.116593 -0.454360 -0.122639 -0.300110 0.121015 -0.127450 -0.576986 
-0.623527 -0.589499 -0.053511 -0.480666 -0.151260 -0.244311 0.093181 -0.157733 -0.517946 
-0.562296 -0.619370 -0.086401 -0.427220 -0.177333 -0.273018 0.150470 -0.185681 -0.548718 
-0.594203 -0.557326 -0.117144 -0.455141 -0.123040 -0.299921 0.120570 -0.127541 -0.577527 
-0.623908 -0.589684 -0.053985 -0.481413 -0.151658 -0.244062 0.092805 -0.157787 -0.518491 
-0.562416 -0.619576 -0.086928 -0.427590 -0.177822 -0.272896 0.150213 -0.185694 -0.549247 
-0.594322 -0.557299 -0.117687 -0.455570 -0.123206 -0.299872 0.120354 -0.127411 -0.578033 
-0.624056 -0.589695 -0.054357 -0.481797 -0.151782 -0.244010 0.092556 -0.157699 -0.518825 
-0.562462 -0.619588 -0.087277 -0.427797 -0.177990 -0.272871 0.150157 -0.185654 -0.549611 
-0.594256 -0.558165 -0.117922 -0.455522 -0.124428 -0.299594 0.120400 -0.128166 -0.578292 
-0.623963 -0.590465 -0.054733 -0.481754 -0.152948 -0.243798 0.092659 -0.158327 -0.519287 
-0.562314 -0.620312 -0.087662 -0.427831 -0.179055 -0.272600 0.150309 -0.186238 -0.550080 
-0.594150 -0.558539 -0.118355 -0.455667 -0.125045 -0.299436 0.120565 -0.128526 -0.578754 
-0.623837 -0.590767 -0.055383 -0.481881 -0.153501 -0.243833 0.092855 -0.158608 -0.519976 
-0.561862 -0.620626 -0.088355 -0.427529 -0.179687 -0.272748 0.150727 -0.186490 -0.550764 
-0.593765 -0.558626 -0.119036 -0.455443 -0.125440 -0.299592 0.120910 -0.128545 -0.579438 
-0.623482 -0.590831 -0.056132 -0.481655 -0.153848 -0.244106 0.093161 -0.158619 -0.520698 
-0.562372 -0.620579 -0.088875 -0.428335 -0.179804 -0.272675 0.150299 -0.186433 -0.551312 
-0.594181 -0.558986 -0.119468 -0.456106 -0.126031 -0.299384 0.120539 -0.128809 -0.579935 
-0.623830 -0.591093 -0.056957 -0.482231 -0.154321 -0.244304 0.092851 -0.158792 -0.521559 
-0.563326 -0.620762 -0.089582 -0.429616 -0.180121 -0.272675 0.149200 -0.186424 -0.551943 
-0.595082 -0.558911 -0.120220 -0.457365 -0.126075 -0.299447 0.119590 -0.128752 -0.580511 
-0.624674 -0.591064 -0.057498 -0.483442 -0.154408 -0.244175 0.091998 -0.158733 -0.522026 
-0.563463 -0.620820 -0.090242 -0.430041 -0.180367 -0.272741 0.149032 -0.186458 -0.552536 
-0.595189 -0.559165 -0.120811 -0.457711 -0.126596 -0.299402 0.119408 -0.128889 -0.581080 
-0.624811 -0.591366 -0.057749 -0.483780 -0.154934 -0.243903 0.091834 -0.158863 -0.522377 
-0.564158 -0.621031 -0.090367 -0.431004 -0.180746 -0.272285 0.148364 -0.186512 -0.552778 
-0.595794 -0.559612 -0.120914 -0.458563 -0.127244 -0.298895 0.118835 -0.129185 -0.581290 
-0.625331 -0.591723 -0.058156 -0.484565 -0.155511 -0.243648 0.091341 -0.159074 -0.522873 
-0.563862 -0.621468 -0.090951 -0.430913 -0.181474 -0.272272 0.148531 -0.186749 -0.553385 
-0.595514 -0.560020 -0.121496 -0.458481 -0.127954 -0.298876 0.119036 -0.129487 -0.581849 
-0.625108 -0.592124 -0.058613 -0.484464 -0.156141 -0.243666 0.091472 -0.159388 -0.523281 
-0.564166 -0.621762 -0.091241 -0.431307 -0.181993 -0.272126 0.148301 -0.187026 -0.553707 
-0.595779 -0.560449 -0.121740 -0.458831 -0.128612 -0.298679 0.118804 -0.129817 -0.582164 
-0.625269 -0.592415 -0.059397 -0.484782 -0.156743 -0.243817 0.091355 -0.159571 -0.524136 
-0.564222 -0.622065 -0.092058 -0.431720 -0.182514 -0.272206 0.148125 -0.187143 -0.554508 
-0.595885 -0.560322 -0.122597 -0.459314 -0.128706 -0.298820 0.118631 -0.129631 -0.582955 
-0.625377 -0.592341 -0.060033 -0.485263 -0.156879 -0.243772 0.091230 -0.159379 -0.524828 
-0.565001 -0.621913 -0.092534 -0.432869 -0.182541 -0.271976 0.147304 -0.186843 -0.555013 
-0.596568 -0.560404 -0.123039 -0.460333 -0.129028 -0.298515 0.117923 -0.129594 -0.583405 
-0.625989 -0.592374 -0.060710 -0.486192 -0.157127 -0.243733 0.090579 -0.159307 -0.525477 
-0.565160 -0.622007 -0.093288 -0.433446 -0.182823 -0.271982 0.147073 -0.186828 -0.555734 
-0.596758 -0.560032 -0.123836 -0.461004 -0.128772 -0.298624 0.117720 -0.129255 -0.584112 
-0.626217 -0.592118 -0.061078 -0.486839 -0.156910 -0.243586 0.090397 -0.159015 -0.525904 
-0.565376 -0.621770 -0.093651 -0.434008 -0.182659 -0.271870 0.146840 -0.186523 -0.556122 
-0.596850 -0.560571 -0.124079 -0.461347 -0.129501 -0.298300 0.117575 -0.129622 -0.584413 
-0.626280 -0.592588 -0.061481 -0.487153 -0.157575 -0.243410 0.090281 -0.159315 -0.526358 
-0.565511 -0.622197 -0.094020 -0.434349 -0.183303 -0.271684 0.146639 -0.186774 -0.556535 
-0.596996 -0.560839 -0.124455 -0.461710 -0.129983 -0.298132 0.117364 -0.129724 -0.584834 
-0.626399 -0.592830 -0.061898 -0.487499 -0.158043 -0.243263 0.090122 -0.159364 -0.526874 
-0.565824 -0.622393 -0.094365 -0.434886 -0.183720 -0.271462 0.146353 -0.186807 -0.557012 
-0.597286 -0.560917 -0.124833 -0.462248 -0.130257 -0.297960 0.117177 -0.129799 -0.585266 
-0.626664 -0.592893 -0.062324 -0.488001 -0.158288 -0.243162 0.089979 -0.159402 -0.527396 
-0.565296 -0.622560 -0.094967 -0.434686 -0.184062 -0.271521 0.146858 -0.186899 -0.557650 
-0.596710 -0.561787 -0.125305 -0.461872 -0.131468 -0.297777 0.117684 -0.130461 -0.585824 
-0.626073 -0.593606 -0.063269 -0.487620 -0.159370 -0.243378 0.090467 -0.159955 -0.528321 
-0.566169 -0.623026 -0.095525 -0.435812 -0.184814 -0.271275 0.146105 -0.187280 -0.558280 
-0.597588 -0.561680 -0.125928 -0.463096 -0.131542 -0.297677 0.116969 -0.130393 -0.586473 
-0.626880 -0.593503 -0.063919 -0.488773 -0.159438 -0.243319 0.089861 -0.159844 -0.529086 
-0.566935 -0.622931 -0.096153 -0.436858 -0.184925 -0.271235 0.145509 -0.187162 -0.559009 
-0.598235 -0.562006 -0.126464 -0.463999 -0.132093 -0.297519 0.116477 -0.130650 -0.587126 
-0.627518 -0.593856 -0.064198 -0.489631 -0.159971 -0.243019 0.089408 -0.160091 -0.529568 
-0.566865 -0.623355 -0.096578 -0.437069 -0.185535 -0.271080 0.145715 -0.187477 -0.559628 
-0.598175 -0.562435 -0.126891 -0.464183 -0.132779 -0.297330 0.116706 -0.131034 -0.587713 
-0.627402 -0.594152 -0.065139 -0.489779 -0.160556 -0.243249 0.089671 -0.160373 -0.530592 
-0.567792 -0.623510 -0.097302 -0.438387 -0.185867 -0.270978 0.144796 -0.187522 -0.560335 
-0.599003 -0.562801 -0.127546 -0.465385 -0.133350 -0.297140 0.115857 -0.131231 -0.588378 
-0.628203 -0.594531 -0.065623 -0.490898 -0.161074 -0.243037 0.088866 -0.160560 -0.531141 
-0.567935 -0.623959 -0.097929 -0.438831 -0.186497 -0.270948 0.144506 -0.187727 -0.560967 
-0.599160 -0.562885 -0.128241 -0.465895 -0.133561 -0.297220 0.115670 -0.131325 -0.588960 
-0.628354 -0.594644 -0.066142 -0.491403 -0.161310 -0.242963 0.088736 -0.160625 -0.531670 
-0.568740 -0.623972 -0.098273 -0.439979 -0.186609 -0.270679 0.143816 -0.187723 -0.561357 
-0.599839 -0.563442 -0.128486 -0.466851 -0.134305 -0.296787 0.115052 -0.131737 -0.589302 
-0.628955 -0.595111 -0.066649 -0.492288 -0.161973 -0.242764 0.088178 -0.160967 -0.532227 
-0.568523 -0.624518 -0.098941 -0.440098 -0.187369 -0.270651 0.144016 -0.188138 -0.562064 
-0.599715 -0.563370 -0.129236 -0.467106 -0.134423 -0.296883 0.115234 -0.131714 -0.590019 
-0.628810 -0.595038 -0.067444 -0.492548 -0.162114 -0.242849 0.088459 -0.160856 -0.533155 
-0.568158 -0.624489 -0.099784 -0.440200 -0.187533 -0.270762 0.144320 -0.187981 -0.562941 
-0.599356 -0.563356 -0.130035 -0.467224 -0.134578 -0.296966 0.115541 -0.131588 -0.590845 
-0.628489 -0.595020 -0.068289 -0.492636 -0.162198 -0.243107 0.088708 -0.160753 -0.533973 
-0.569234 -0.624275 -0.100244 -0.441616 -0.187387 -0.270621 0.143430 -0.187770 -0.563484 
-0.600351 -0.563122 -0.130494 -0.468569 -0.134419 -0.296822 0.114764 -0.131435 -0.591351 
-0.629379 -0.594761 -0.068963 -0.493908 -0.162037 -0.243111 0.088045 -0.160557 -0.534715 
-0.569183 -0.624165 -0.101119 -0.441964 -0.187411 -0.270858 0.143510 -0.187650 -0.564343 
-0.600216 -0.563618 -0.131238 -0.468770 -0.135110 -0.296875 0.114905 -0.131839 -0.592106 
-0.629270 -0.595277 -0.069447 -0.494119 -0.162732 -0.242963 0.088244 -0.160889 -0.535406 
-0.568970 -0.624664 -0.101599 -0.442187 -0.188041 -0.270654 0.143854 -0.187991 -0.565058 
-0.599989 -0.564454 -0.131662 -0.468872 -0.136243 -0.296517 0.115255 -0.132476 -0.592777 
-0.629072 -0.596050 -0.069896 -0.494201 -0.163761 -0.242723 0.088555 -0.161482 -0.536074 
-0.569127 -0.625348 -0.101979 -0.442695 -0.188934 -0.270289 0.143748 -0.188457 -0.565613 
-0.600109 -0.565214 -0.132017 -0.469363 -0.137173 -0.296145 0.115190 -0.133028 -0.593301 
-0.629164 -0.596739 -0.070368 -0.494661 -0.164622 -0.242469 0.088550 -0.161933 -0.536776 
-0.569847 -0.625912 -0.102291 -0.443859 -0.189607 -0.269809 0.143207 -0.188815 -0.566191 
-0.600837 -0.565229 -0.132442 -0.470604 -0.137235 -0.295830 0.114758 -0.133105 -0.593871 
-0.629867 -0.596795 -0.070602 -0.495843 -0.164677 -0.242068 0.088184 -0.162001 -0.537263 
-0.570242 -0.625992 -0.102561 -0.444553 -0.189793 -0.269560 0.143156 -0.188920 -0.566728 
-0.601150 -0.565871 -0.132608 -0.471116 -0.138123 -0.295383 0.114723 -0.133612 -0.594369 
-0.630114 -0.597306 -0.071189 -0.496313 -0.165470 -0.241951 0.088172 -0.162429 -0.538066 
-0.570781 -0.626442 -0.103097 -0.445382 -0.190481 -0.269341 0.142715 -0.189213 -0.567398 
-0.601691 -0.565780 -0.133234 -0.472063 -0.138118 -0.295355 0.114400 -0.133642 -0.595006 
-0.630585 -0.597180 -0.072042 -0.497201 -0.165437 -0.242116 0.087944 -0.162392 -0.538978 
-0.571362 -0.626308 -0.103881 -0.446443 -0.190402 -0.269404 0.142419 -0.189185 -0.568265 
-0.602177 -0.566015 -0.133932 -0.472997 -0.138446 -0.295300 0.114193 -0.133958 -0.595790 
-0.631018 -0.597356 -0.072962 -0.498070 -0.165693 -0.242296 0.087787 -0.162653 -0.539969 
-0.571850 -0.626468 -0.104754 -0.447410 -0.190618 -0.269516 0.142177 -0.189414 -0.569193 
-0.602645 -0.566066 -0.134777 -0.473953 -0.138555 -0.295394 0.113973 -0.134092 -0.596691 
-0.631466 -0.597460 -0.073534 -0.499015 -0.165856 -0.242138 0.087676 -0.162736 -0.540812 
-0.571662 -0.626665 -0.105488 -0.447742 -0.190895 -0.269533 0.142414 -0.189468 -0.570060 
-0.602381 -0.567044 -0.135371 -0.474051 -0.139833 -0.295126 0.114245 -0.134796 -0.597462 
-0.631202 -0.598345 -0.074276 -0.499099 -0.167038 -0.242028 0.087961 -0.163342 -0.541744 
-0.571195 -0.627519 -0.106247 -0.447592 -0.192079 -0.269470 0.142820 -0.190013 -0.570972 
-0.601950 -0.567804 -0.136123 -0.473937 -0.140927 -0.295062 0.114653 -0.135324 -0.598334 
-0.630806 -0.599032 -0.075142 -0.498964 -0.168012 -0.242172 0.088303 -0.163841 -0.542647 
-0.570796 -0.628155 -0.107069 -0.447370 -0.193051 -0.269623 0.143119 -0.190444 -0.571811 
-0.601606 -0.568125 -0.136946 -0.473832 -0.141492 -0.295284 0.114917 -0.135495 -0.599159 
-0.630484 -0.599335 -0.075954 -0.498863 -0.168544 -0.242417 0.088565 -0.163976 -0.543502 
-0.570439 -0.628437 -0.107829 -0.447224 -0.193571 -0.269830 0.143473 -0.190587 -0.572650 
-0.601272 -0.568351 -0.137695 -0.473710 -0.141955 -0.295486 0.115302 -0.135689 -0.599938 
-0.630188 -0.599594 -0.076483 -0.498762 -0.169023 -0.242454 0.089020 -0.164085 -0.544302 
-0.571041 -0.628582 -0.108185 -0.448173 -0.193816 -0.269569 0.142965 -0.190524 -0.573215 
-0.601785 -0.568769 -0.138018 -0.474547 -0.142507 -0.295160 0.114911 -0.135946 -0.600437 
-0.630639 -0.599930 -0.077088 -0.499536 -0.169494 -0.242391 0.088644 -0.164313 -0.544970 
-0.570733 -0.628989 -0.108917 -0.448135 -0.194429 -0.269701 0.143276 -0.190814 -0.573997 
-0.601514 -0.569067 -0.138736 -0.474536 -0.143031 -0.295278 0.115202 -0.136161 -0.601194 
-0.630337 -0.600151 -0.078113 -0.499515 -0.169969 -0.242740 0.088999 -0.164420 -0.546080 
-0.570785 -0.629157 -0.109818 -0.448642 -0.194749 -0.269825 0.143348 -0.190892 -0.575016 
-0.601547 -0.569377 -0.139593 -0.474970 -0.143586 -0.295307 0.115318 -0.136421 -0.602146 
-0.630419 -0.600513 -0.078615 -0.499936 -0.170510 -0.242577 0.089127 -0.164665 -0.546831 
-0.570436 -0.629547 -0.110401 -0.448491 -0.195412 -0.269839 0.143727 -0.191094 -0.575765 
-0.601228 -0.569692 -0.140165 -0.474849 -0.144177 -0.295317 0.115689 -0.136593 -0.602866 
-0.630062 -0.600723 -0.079625 -0.499802 -0.171031 -0.242925 0.089534 -0.164740 -0.547951 
-0.570521 -0.629677 -0.111235 -0.448800 -0.195833 -0.270002 0.143859 -0.191158 -0.576792 
-0.601313 -0.569611 -0.141018 -0.475220 -0.144295 -0.295556 0.115922 -0.136661 -0.603812 
-0.630170 -0.600659 -0.080402 -0.500146 -0.171114 -0.243198 0.089746 -0.164826 -0.548828 
-0.570616 -0.629628 -0.112000 -0.449272 -0.195859 -0.270191 0.144012 -0.191222 -0.577620 
-0.601314 -0.570252 -0.141631 -0.475506 -0.145119 -0.295512 0.116100 -0.137236 -0.604561 
-0.630181 -0.601276 -0.080938 -0.500422 -0.171896 -0.243127 0.089963 -0.165326 -0.549608 
-0.571415 -0.630121 -0.112377 -0.450601 -0.196351 -0.269780 0.143481 -0.191596 -0.578239 
-0.602087 -0.570568 -0.142030 -0.476813 -0.145455 -0.295122 0.115614 -0.137487 -0.605181 
-0.630864 -0.601547 -0.081481 -0.501678 -0.172222 -0.242807 0.089612 -0.165480 -0.550471 
-0.571977 -0.630380 -0.112903 -0.451509 -0.196786 -0.269576 0.143223 -0.191729 -0.579078 
-0.602616 -0.570717 -0.142580 -0.477710 -0.145766 -0.294954 0.115466 -0.137678 -0.605963 
-0.631390 -0.601706 -0.081944 -0.502516 -0.172481 -0.242680 0.089473 -0.165671 -0.551188 
-0.572553 -0.630524 -0.113351 -0.452371 -0.197042 -0.269448 0.142944 -0.191861 -0.579731 
-0.603156 -0.570750 -0.143044 -0.478571 -0.145869 -0.294868 0.115280 -0.137827 -0.606572 
-0.631806 -0.601622 -0.082985 -0.503325 -0.172544 -0.242973 0.089407 -0.165707 -0.552334 
-0.572337 -0.630551 -0.114554 -0.452669 -0.197186 -0.269864 0.143116 -0.191834 -0.580846 
-0.602926 -0.571115 -0.144133 -0.478748 -0.146514 -0.295082 0.115415 -0.138009 -0.607633 
-0.631583 -0.601940 -0.084208 -0.503466 -0.173102 -0.243394 0.089523 -0.165859 -0.553491 
-0.573048 -0.630716 -0.115473 -0.453815 -0.197510 -0.269914 0.142630 -0.191966 -0.581857 
-0.603529 -0.571507 -0.145009 -0.479815 -0.147004 -0.295108 0.115114 -0.138516 -0.608521 
-0.632153 -0.602341 -0.084913 -0.504511 -0.173607 -0.243260 0.089332 -0.166288 -0.554392 
-0.573909 -0.631043 -0.116070 -0.455089 -0.197962 -0.269698 0.142216 -0.192349 -0.582681 
-0.604340 -0.571925 -0.145539 -0.481009 -0.147606 -0.294799 0.114671 -0.138837 -0.609356 
-0.632911 -0.602749 -0.085381 -0.505657 -0.174198 -0.242901 0.089007 -0.166524 -0.555320 
-0.573766 -0.631579 -0.116814 -0.455403 -0.198694 -0.269609 0.142235 -0.192470 -0.583609 
-0.604181 -0.572500 -0.146284 -0.481300 -0.148392 -0.294700 0.114791 -0.139160 -0.610200 
-0.632754 -0.603249 -0.086346 -0.505894 -0.174860 -0.243109 0.089093 -0.166816 -0.556293 
-0.573688 -0.632029 -0.117691 -0.455642 -0.199344 -0.269776 0.142322 -0.192752 -0.584541 
-0.604080 -0.573225 -0.147065 -0.481452 -0.149408 -0.294721 0.114848 -0.139596 -0.611094 
-0.632645 -0.603950 -0.087041 -0.506061 -0.175879 -0.243008 0.089256 -0.167124 -0.557315 
-0.573802 -0.632640 -0.118245 -0.456009 -0.200283 -0.269551 0.142532 -0.193099 -0.585567 
-0.604196 -0.573770 -0.147618 -0.481825 -0.150279 -0.294499 0.115098 -0.139962 -0.612079 
-0.632729 -0.604436 -0.087729 -0.506422 -0.176714 -0.242872 0.089588 -0.167380 -0.558534 
-0.574065 -0.633105 -0.118948 -0.456776 -0.200977 -0.269292 0.142395 -0.193187 -0.586636 
-0.604424 -0.574084 -0.148366 -0.482623 -0.150726 -0.294338 0.115142 -0.140204 -0.613044 
-0.632946 -0.604736 -0.088459 -0.507186 -0.177123 -0.242749 0.089663 -0.167586 -0.559530 
-0.574734 -0.633321 -0.119527 -0.457969 -0.201291 -0.269015 0.142156 -0.193362 -0.587545 
-0.605026 -0.574639 -0.148857 -0.483663 -0.151516 -0.293894 0.114904 -0.140570 -0.613932 
-0.633494 -0.605227 -0.089125 -0.508159 -0.177835 -0.242497 0.089492 -0.167875 -0.560612 
-0.574551 -0.633872 -0.120325 -0.458044 -0.202190 -0.269024 0.142501 -0.193636 -0.588670 
-0.604871 -0.575062 -0.149656 -0.483765 -0.152302 -0.293905 0.115273 -0.140824 -0.615010 
-0.633364 -0.605650 -0.089808 -0.508260 -0.178599 -0.242453 0.089909 -0.168053 -0.561734 
-0.575335 -0.634142 -0.120746 -0.459122 -0.202726 -0.268650 0.142282 -0.193768 -0.589657 
-0.605614 -0.575179 -0.150119 -0.484843 -0.152638 -0.293602 0.115199 -0.141029 -0.615929 
-0.634054 -0.605751 -0.090306 -0.509301 -0.178929 -0.242165 0.089930 -0.168193 -0.562784 
-0.575299 -0.634349 -0.121434 -0.459535 -0.203152 -0.268531 0.142692 -0.193874 -0.590737 
-0.605560 -0.575572 -0.150736 -0.485208 -0.153286 -0.293391 0.115597 -0.141247 -0.616973 
-0.633983 -0.606087 -0.091108 -0.509642 -0.179518 -0.242131 0.090363 -0.168339 -0.564035 
-0.575215 -0.634685 -0.122251 -0.459957 -0.203696 -0.268461 0.142920 -0.193914 -0.591886 
-0.605505 -0.575677 -0.151589 -0.485661 -0.153623 -0.293356 0.115892 -0.141261 -0.618064 
-0.633952 -0.606166 -0.092069 -0.510036 -0.179749 -0.242354 0.090571 -0.168400 -0.565085 
-0.576448 -0.634584 -0.122880 -0.461570 -0.203700 -0.268323 0.142080 -0.193855 -0.592684 
-0.606646 -0.575603 -0.152211 -0.487197 -0.153647 -0.293214 0.115193 -0.141340 -0.618800 
-0.635007 -0.606104 -0.092667 -0.511518 -0.179802 -0.242153 0.090035 -0.168395 -0.565982 
-0.576579 -0.634649 -0.123647 -0.462179 -0.203907 -0.268314 0.142368 -0.193962 -0.593730 
-0.606723 -0.575864 -0.152926 -0.487771 -0.154000 -0.293171 0.115571 -0.141705 -0.619758 
-0.635117 -0.606391 -0.093198 -0.512063 -0.180116 -0.242071 0.090441 -0.168723 -0.566895 
-0.576188 -0.635004 -0.124341 -0.462200 -0.204328 -0.268423 0.142808 -0.194150 -0.594571 
-0.606342 -0.576560 -0.153499 -0.487688 -0.154928 -0.293068 0.115881 -0.141959 -0.620609 
-0.634689 -0.606951 -0.094270 -0.511960 -0.180951 -0.242352 0.090772 -0.168878 -0.568147 
-0.576743 -0.635403 -0.125146 -0.463054 -0.204965 -0.268411 0.142303 -0.194180 -0.595605 
-0.606843 -0.576705 -0.154394 -0.488590 -0.155167 -0.293224 0.115663 -0.142227 -0.621491 
-0.635179 -0.607112 -0.095041 -0.512825 -0.181174 -0.242460 0.090596 -0.169126 -0.568986 
-0.576641 -0.635619 -0.125976 -0.463296 -0.205294 -0.268635 0.142742 -0.194521 -0.596543 
-0.606687 -0.577680 -0.155032 -0.488604 -0.156492 -0.293109 0.116003 -0.142960 -0.622401 
-0.634987 -0.607999 -0.095837 -0.512853 -0.182470 -0.242387 0.091067 -0.169675 -0.570242 
-0.577393 -0.636343 -0.126549 -0.464541 -0.206247 -0.268149 0.142434 -0.194955 -0.597633 
-0.607464 -0.577912 -0.155673 -0.489913 -0.156946 -0.292723 0.115728 -0.143061 -0.623499 
-0.635739 -0.608212 -0.096522 -0.514072 -0.182835 -0.242182 0.090787 -0.169787 -0.571324 
-0.578165 -0.636549 -0.127242 -0.465658 -0.206663 -0.268015 0.141890 -0.194939 -0.598592 
-0.608137 -0.578089 -0.156400 -0.491038 -0.157161 -0.292705 0.115446 -0.143361 -0.624317 
-0.636340 -0.608357 -0.097375 -0.515155 -0.183043 -0.242232 0.090634 -0.169989 -0.572389 
-0.579250 -0.636593 -0.127875 -0.467185 -0.206769 -0.267860 0.141636 -0.195214 -0.599637 
-0.609098 -0.578853 -0.156871 -0.492298 -0.158187 -0.292257 0.115198 -0.144071 -0.625320 
-0.637205 -0.609039 -0.098027 -0.516369 -0.184038 -0.241864 0.090553 -0.170539 -0.573724 
-0.578725 -0.637464 -0.128944 -0.467095 -0.207988 -0.267914 0.142087 -0.195587 -0.600969 
-0.608611 -0.579551 -0.157926 -0.492280 -0.159185 -0.292337 0.115653 -0.144365 -0.626603 
-0.636808 -0.609785 -0.098686 -0.516352 -0.184995 -0.241764 0.091008 -0.170790 -0.574824 
-0.579292 -0.638035 -0.129304 -0.468229 -0.208632 -0.267382 0.142062 -0.195866 -0.602002 
-0.609163 -0.579964 -0.158316 -0.493410 -0.159678 -0.291839 0.115697 -0.144610 -0.627610 
-0.637266 -0.610089 -0.099520 -0.517427 -0.185422 -0.241592 0.091118 -0.170957 -0.576188 
-0.579851 -0.638304 -0.130065 -0.469365 -0.209040 -0.267161 0.142109 -0.196015 -0.603315 
-0.609702 -0.580292 -0.159045 -0.494460 -0.160272 -0.291524 0.115768 -0.144824 -0.628888 
-0.637757 -0.610406 -0.100228 -0.518456 -0.186029 -0.241217 0.091337 -0.171048 -0.577669 
-0.580133 -0.638648 -0.130872 -0.470004 -0.209776 -0.266983 0.142031 -0.195893 -0.604627 
-0.609948 -0.580459 -0.159893 -0.495153 -0.160694 -0.291462 0.115876 -0.144848 -0.630086 
-0.638063 -0.610611 -0.100867 -0.519079 -0.186354 -0.241229 0.091363 -0.171137 -0.578621 
-0.580331 -0.638841 -0.131454 -0.470512 -0.210102 -0.266960 0.142343 -0.196066 -0.605631 
-0.610064 -0.581402 -0.160316 -0.495436 -0.161955 -0.291153 0.116176 -0.145516 -0.631032 
-0.638110 -0.611459 -0.101497 -0.519379 -0.187615 -0.240941 0.091843 -0.171594 -0.580000 
-0.580357 -0.639652 -0.132065 -0.470954 -0.211253 -0.266571 0.142849 -0.196492 -0.606997 
-0.610080 -0.581958 -0.161011 -0.495973 -0.162690 -0.290936 0.116902 -0.146128 -0.632266 
-0.638094 -0.611938 -0.102423 -0.519899 -0.188295 -0.240897 0.092639 -0.172094 -0.581522 
-0.580051 -0.640149 -0.133069 -0.471060 -0.212032 -0.266684 0.143534 -0.196830 -0.608395 
-0.609833 -0.582255 -0.161995 -0.496123 -0.163313 -0.291026 0.117531 -0.146282 -0.633650 
-0.637883 -0.612212 -0.103438 -0.520026 -0.188842 -0.241125 0.093215 -0.172251 -0.582889 
-0.580624 -0.640287 -0.133787 -0.472150 -0.212316 -0.266500 0.143867 -0.197086 -0.609735 
-0.610359 -0.582729 -0.162586 -0.497089 -0.164042 -0.290653 0.117793 -0.146615 -0.634988 
-0.638354 -0.612593 -0.104390 -0.520912 -0.189456 -0.241131 0.093516 -0.172512 -0.584522 
-0.581637 -0.640600 -0.134676 -0.473544 -0.212846 -0.266425 0.143238 -0.197065 -0.611073 
-0.611272 -0.582901 -0.163575 -0.498485 -0.164286 -0.290746 0.117555 -0.147060 -0.636119 
-0.639210 -0.612785 -0.105235 -0.522285 -0.189744 -0.241047 0.093450 -0.172844 -0.585783 
-0.581903 -0.640863 -0.135637 -0.474295 -0.213258 -0.266506 0.143518 -0.197376 -0.612344 
-0.611546 -0.583303 -0.164425 -0.499147 -0.165002 -0.290641 0.117697 -0.147237 -0.637421 
-0.639495 -0.613224 -0.105820 -0.522938 -0.190471 -0.240754 0.093704 -0.172923 -0.587111 
-0.582665 -0.641209 -0.136056 -0.475497 -0.213833 -0.265995 0.143537 -0.197462 -0.613625 
-0.612237 -0.583859 -0.164805 -0.500261 -0.165807 -0.290069 0.117806 -0.147561 -0.638639 
-0.640111 -0.613695 -0.106486 -0.523998 -0.191216 -0.240405 0.093903 -0.173147 -0.588628 
-0.582609 -0.641769 -0.136936 -0.475811 -0.214742 -0.265922 0.143795 -0.197506 -0.615048 
-0.612155 -0.584435 -0.165700 -0.500575 -0.166687 -0.290031 0.118235 -0.147905 -0.639933 
-0.640111 -0.614277 -0.107204 -0.524256 -0.191965 -0.240481 0.094203 -0.173557 -0.589649 
-0.583038 -0.642234 -0.137430 -0.476525 -0.215346 -0.265759 0.144164 -0.198030 -0.616108 
-0.612578 -0.584989 -0.166116 -0.501240 -0.167452 -0.289759 0.118509 -0.148316 -0.641020 
-0.640394 -0.614692 -0.108176 -0.524918 -0.192737 -0.240438 0.094699 -0.173741 -0.591424 
-0.583290 -0.642664 -0.138461 -0.477298 -0.216063 -0.265693 0.144275 -0.198025 -0.617717 
-0.612841 -0.585090 -0.167218 -0.502060 -0.167819 -0.289789 0.118782 -0.148358 -0.642525 
-0.640627 -0.614817 -0.109155 -0.525748 -0.193160 -0.240293 0.095140 -0.173651 -0.593122 
-0.584092 -0.642706 -0.139282 -0.478630 -0.216403 -0.265401 0.144163 -0.197834 -0.619245 
-0.613563 -0.585357 -0.167991 -0.503290 -0.168416 -0.289424 0.118789 -0.148458 -0.643963 
-0.641314 -0.615037 -0.110107 -0.526893 -0.193660 -0.240192 0.095154 -0.173736 -0.594664 
-0.584425 -0.642974 -0.140292 -0.479563 -0.216902 -0.265306 0.144383 -0.197912 -0.620786 
-0.613883 -0.585267 -0.169085 -0.504307 -0.168431 -0.289490 0.119224 -0.148626 -0.645377 
-0.641662 -0.615027 -0.110864 -0.527888 -0.193694 -0.240067 0.095687 -0.173841 -0.596047 
-0.584777 -0.642970 -0.141055 -0.480449 -0.216997 -0.265245 0.144668 -0.197901 -0.622043 
-0.614154 -0.585920 -0.169673 -0.505003 -0.169312 -0.289165 0.119462 -0.148951 -0.646598 
-0.641900 -0.615620 -0.111601 -0.528551 -0.194517 -0.239881 0.095979 -0.174087 -0.597449 
-0.585080 -0.643523 -0.141754 -0.481126 -0.217807 -0.265048 0.144824 -0.198073 -0.623370 
-0.614464 -0.586341 -0.170368 -0.505683 -0.170018 -0.288961 0.119633 -0.149051 -0.647900 
-0.642158 -0.616006 -0.112383 -0.529225 -0.195236 -0.239669 0.096298 -0.174048 -0.599041 
-0.585492 -0.643860 -0.142424 -0.481991 -0.218454 -0.264709 0.145184 -0.198078 -0.624958 
-0.614811 -0.586645 -0.171104 -0.506564 -0.170501 -0.288746 0.120291 -0.149499 -0.649308 
-0.642481 -0.616282 -0.113187 -0.530079 -0.195688 -0.239525 0.097038 -0.174405 -0.600638 
-0.585177 -0.644230 -0.143406 -0.482321 -0.218981 -0.264711 0.146096 -0.198331 -0.626509 
-0.614492 -0.587575 -0.171891 -0.506724 -0.171818 -0.288423 0.121020 -0.149868 -0.650875 
-0.642149 -0.617088 -0.114350 -0.530209 -0.196878 -0.239563 0.097718 -0.174733 -0.602396 
-0.586059 -0.644792 -0.144114 -0.483720 -0.219840 -0.264232 0.146418 -0.198786 -0.628237 
-0.615361 -0.587682 -0.172703 -0.508215 -0.172100 -0.288130 0.121544 -0.150309 -0.652505 
-0.642953 -0.617176 -0.115237 -0.531662 -0.197164 -0.239297 0.098413 -0.175035 -0.604329 
-0.586829 -0.644876 -0.144981 -0.485069 -0.220160 -0.263990 0.147010 -0.199020 -0.630084 
-0.616057 -0.588110 -0.173456 -0.509460 -0.172790 -0.287752 0.122160 -0.150758 -0.654293 
-0.643655 -0.617628 -0.115773 -0.532873 -0.197833 -0.238814 0.099111 -0.175410 -0.606118 
-0.586959 -0.645396 -0.145651 -0.485817 -0.220879 -0.263611 0.147999 -0.199354 -0.631881 
-0.616184 -0.588664 -0.174126 -0.510176 -0.173593 -0.287345 0.123239 -0.151289 -0.656006 
-0.643734 -0.618063 -0.116874 -0.533554 -0.198541 -0.238763 0.100208 -0.175866 -0.608145 
-0.587930 -0.645701 -0.146579 -0.487376 -0.221412 -0.263344 0.148049 -0.199561 -0.633611 
-0.617106 -0.589123 -0.174956 -0.511641 -0.174359 -0.286944 0.123252 -0.151475 -0.657729 
-0.644663 -0.618539 -0.117542 -0.534936 -0.199226 -0.238407 0.100235 -0.176044 -0.609775 
-0.588353 -0.646251 -0.147429 -0.488205 -0.222223 -0.263210 0.147994 -0.199547 -0.635122 
-0.617454 -0.589461 -0.175951 -0.512533 -0.174749 -0.287053 0.123637 -0.152016 -0.658994 
-0.644968 -0.618880 -0.118451 -0.535839 -0.199669 -0.238347 0.100823 -0.176410 -0.611316 
-0.589176 -0.646482 -0.148113 -0.489642 -0.222524 -0.262908 0.148457 -0.199976 -0.636641 
-0.618230 -0.590099 -0.176474 -0.513811 -0.175620 -0.286501 0.123971 -0.152457 -0.660544 
-0.645696 -0.619446 -0.119171 -0.537054 -0.200456 -0.238007 0.101186 -0.176803 -0.613006 
-0.589254 -0.647124 -0.148986 -0.490313 -0.223377 -0.262699 0.149141 -0.200319 -0.638338 
-0.618336 -0.590281 -0.177477 -0.514580 -0.175945 -0.286473 0.124873 -0.152886 -0.662113 
-0.645718 -0.619592 -0.120346 -0.537853 -0.200857 -0.237915 0.102377 -0.176967 -0.615175 
-0.589144 -0.647309 -0.150249 -0.490963 -0.223828 -0.262700 0.149911 -0.200254 -0.640300 
-0.618214 -0.590490 -0.178693 -0.515238 -0.176382 -0.286452 0.125703 -0.152939 -0.663987 
-0.645663 -0.619799 -0.121537 -0.538447 -0.201163 -0.238125 0.103063 -0.177113 -0.616845 
-0.590187 -0.647303 -0.150972 -0.492632 -0.223877 -0.262434 0.150461 -0.200612 -0.641993 
-0.619194 -0.590495 -0.179424 -0.516868 -0.176413 -0.286206 0.126418 -0.153526 -0.665576 
-0.646555 -0.619759 -0.122474 -0.540043 -0.201201 -0.237969 0.103933 -0.177575 -0.618775 
-0.590354 -0.647396 -0.152163 -0.493480 -0.224099 -0.262566 0.151254 -0.200846 -0.643772 
-0.619307 -0.591084 -0.180447 -0.517591 -0.177204 -0.286120 0.127166 -0.153995 -0.667305 
-0.646637 -0.620352 -0.123384 -0.540788 -0.202046 -0.237685 0.104921 -0.177816 -0.620860 
-0.590361 -0.647969 -0.153006 -0.494337 -0.224841 -0.262136 0.152488 -0.201159 -0.645898 
-0.619329 -0.591927 -0.181182 -0.518328 -0.178430 -0.285471 0.128298 -0.154362 -0.669427 
-0.646706 -0.621162 -0.124087 -0.541481 -0.203154 -0.237185 0.105990 -0.178183 -0.622904 
-0.590744 -0.648708 -0.153649 -0.495365 -0.225854 -0.261546 0.153117 -0.201381 -0.647798 
-0.619676 -0.592727 -0.181797 -0.519340 -0.179463 -0.284871 0.129000 -0.154715 -0.671262 
-0.647013 -0.621904 -0.124834 -0.542464 -0.204143 -0.236688 0.106811 -0.178398 -0.625026 
-0.591553 -0.649334 -0.154182 -0.496955 -0.226651 -0.260770 0.153848 -0.201662 -0.649916 
-0.620428 -0.592980 -0.182518 -0.521011 -0.179703 -0.284377 0.130170 -0.155452 -0.673152 
-0.647747 -0.622176 -0.125424 -0.544105 -0.204384 -0.236112 0.108123 -0.179013 -0.627076 
-0.592025 -0.649615 -0.154794 -0.498185 -0.226996 -0.260315 0.155282 -0.202236 -0.651933 
-0.620906 -0.593674 -0.182942 -0.522083 -0.180707 -0.283606 0.131365 -0.155909 -0.675243 
-0.648196 -0.622770 -0.126144 -0.545131 -0.205280 -0.235638 0.109277 -0.179458 -0.629273 
-0.592733 -0.650164 -0.155505 -0.499458 -0.227838 -0.259816 0.155854 -0.202462 -0.653929 
-0.621530 -0.593864 -0.183843 -0.523477 -0.180879 -0.283453 0.132441 -0.156689 -0.676969 
-0.648757 -0.622905 -0.127273 -0.546489 -0.205425 -0.235640 0.110482 -0.180111 -0.631346 
-0.593390 -0.650266 -0.156524 -0.501012 -0.227898 -0.259667 0.157138 -0.203167 -0.655995 
-0.622133 -0.594265 -0.184759 -0.524940 -0.181278 -0.283172 0.133752 -0.157602 -0.678968 
-0.649337 -0.623248 -0.128359 -0.547899 -0.205739 -0.235573 0.111811 -0.180978 -0.633480 
-0.594025 -0.650582 -0.157560 -0.502518 -0.228165 -0.259531 0.158352 -0.203977 -0.658051 
-0.622766 -0.594487 -0.185767 -0.526438 -0.181480 -0.283005 0.134987 -0.158375 -0.680981 
-0.649907 -0.623492 -0.129240 -0.549420 -0.206041 -0.235141 0.113356 -0.181492 -0.635929 
-0.594130 -0.650922 -0.158683 -0.503501 -0.228623 -0.259379 0.159415 -0.204143 -0.660242 
-0.622861 -0.595432 -0.186659 -0.527209 -0.182834 -0.282464 0.135828 -0.158588 -0.683209 
-0.649990 -0.624374 -0.130254 -0.550161 -0.207321 -0.234743 0.114247 -0.181613 -0.638337 
-0.594058 -0.651796 -0.159729 -0.504047 -0.229929 -0.259044 0.160175 -0.204130 -0.662540 
-0.622785 -0.596252 -0.187714 -0.527766 -0.184068 -0.282151 0.136711 -0.158763 -0.685398 
-0.649974 -0.625149 -0.131335 -0.550660 -0.208401 -0.234677 0.114974 -0.181867 -0.640323 
-0.594044 -0.652538 -0.160796 -0.504434 -0.231037 -0.259026 0.160686 -0.204252 -0.664401 
-0.622781 -0.596751 -0.188807 -0.528231 -0.184840 -0.282223 0.137327 -0.158904 -0.687172 
-0.649967 -0.625629 -0.132436 -0.551116 -0.209149 -0.234771 0.115655 -0.181925 -0.642235 
-0.593994 -0.652992 -0.161814 -0.504891 -0.231746 -0.259032 0.161548 -0.204360 -0.666322 
-0.622708 -0.597201 -0.189844 -0.528702 -0.185483 -0.282276 0.138367 -0.159319 -0.688951 
-0.649855 -0.626084 -0.133419 -0.551619 -0.209867 -0.234640 0.116997 -0.182056 -0.644532 
-0.594656 -0.653334 -0.162617 -0.506221 -0.232278 -0.258654 0.162160 -0.204352 -0.668421 
-0.623297 -0.597782 -0.190604 -0.529952 -0.186250 -0.281844 0.139117 -0.159658 -0.690939 
-0.650433 -0.626602 -0.134344 -0.552806 -0.210523 -0.234460 0.117671 -0.182435 -0.646475 
-0.594625 -0.653918 -0.163669 -0.506796 -0.233044 -0.258637 0.163088 -0.204666 -0.670340 
-0.623285 -0.598291 -0.191638 -0.530533 -0.186973 -0.281801 0.140072 -0.159993 -0.692802 
-0.650361 -0.627032 -0.135682 -0.553379 -0.211224 -0.234585 0.118767 -0.182607 -0.648773 
-0.594863 -0.654279 -0.164815 -0.507901 -0.233552 -0.258458 0.164265 -0.204945 -0.672656 
-0.623512 -0.598786 -0.192728 -0.531570 -0.187705 -0.281520 0.141288 -0.160438 -0.695043 
-0.650617 -0.627563 -0.136518 -0.554405 -0.211948 -0.234164 0.120094 -0.182940 -0.651090 
-0.594773 -0.654852 -0.165805 -0.508372 -0.234443 -0.258306 0.165238 -0.205001 -0.674766 
-0.623432 -0.599313 -0.193703 -0.532053 -0.188551 -0.281359 0.142318 -0.160583 -0.697078 
-0.650493 -0.627994 -0.137862 -0.554867 -0.212730 -0.234283 0.121165 -0.183002 -0.653429 
-0.594997 -0.655188 -0.166896 -0.509252 -0.235082 -0.258147 0.166519 -0.205226 -0.677157 
-0.623583 -0.599557 -0.194891 -0.533006 -0.188855 -0.281410 0.143994 -0.161390 -0.699216 
-0.650696 -0.628238 -0.138964 -0.555789 -0.212955 -0.234416 0.122775 -0.183835 -0.655449 
-0.595230 -0.655422 -0.167967 -0.510342 -0.235228 -0.258180 0.168013 -0.206006 -0.679104 
-0.623811 -0.600295 -0.195727 -0.533941 -0.189709 -0.281101 0.145235 -0.162071 -0.701228 
-0.650908 -0.628952 -0.139779 -0.556718 -0.213798 -0.234072 0.124162 -0.184358 -0.657717 
-0.596094 -0.656017 -0.168566 -0.512182 -0.235788 -0.257461 0.169136 -0.206564 -0.681336 
-0.624666 -0.600754 -0.196344 -0.535763 -0.190178 -0.280388 0.146428 -0.162643 -0.703413 
-0.651659 -0.629363 -0.140573 -0.558527 -0.214303 -0.233358 0.125610 -0.184708 -0.660400 
-0.596734 -0.656415 -0.169360 -0.513648 -0.236407 -0.256879 0.170479 -0.206807 -0.683917 
-0.625246 -0.601112 -0.197206 -0.537236 -0.190656 -0.279915 0.148061 -0.163323 -0.705811 
-0.652274 -0.629725 -0.141333 -0.559948 -0.214699 -0.232965 0.127214 -0.185391 -0.662718 
-0.597399 -0.656760 -0.170127 -0.515052 -0.236817 -0.256523 0.171763 -0.207339 -0.686094 
-0.625853 -0.601408 -0.198024 -0.538656 -0.190901 -0.279665 0.149591 -0.164208 -0.707831 
-0.652769 -0.629905 -0.142636 -0.561348 -0.214925 -0.232969 0.128887 -0.186129 -0.665225 
-0.597474 -0.657044 -0.171698 -0.516016 -0.237174 -0.256794 0.172743 -0.207654 -0.688275 
-0.625976 -0.601929 -0.199395 -0.539492 -0.191778 -0.279607 0.150291 -0.164238 -0.710092 
-0.652915 -0.630387 -0.144088 -0.562128 -0.215690 -0.233136 0.129502 -0.186200 -0.667411 
-0.598319 -0.657359 -0.172716 -0.517687 -0.237644 -0.256438 0.173789 -0.208079 -0.690633 
-0.626685 -0.602472 -0.200436 -0.541134 -0.192277 -0.279351 0.151705 -0.165347 -0.712215 
-0.653560 -0.630923 -0.145067 -0.563777 -0.216248 -0.232700 0.131196 -0.187060 -0.669960 
-0.599174 -0.657816 -0.173542 -0.519523 -0.238131 -0.255870 0.175541 -0.208987 -0.693178 
-0.627593 -0.602942 -0.201105 -0.542900 -0.192992 -0.278544 0.153156 -0.165766 -0.714888 
-0.654399 -0.631382 -0.145742 -0.565527 -0.216998 -0.231812 0.132895 -0.187261 -0.673043 
-0.599400 -0.658430 -0.174675 -0.520513 -0.239135 -0.255492 0.176127 -0.208522 -0.695786 
-0.627747 -0.603634 -0.202283 -0.543869 -0.193988 -0.278239 0.154045 -0.165836 -0.717293 
-0.654602 -0.632022 -0.147026 -0.566414 -0.217819 -0.231851 0.133599 -0.187448 -0.675225 
-0.599648 -0.659020 -0.175842 -0.521409 -0.239929 -0.255450 0.176966 -0.208753 -0.697965 
-0.628023 -0.604411 -0.203276 -0.544673 -0.195156 -0.277942 0.154646 -0.165799 -0.719544 
-0.654787 -0.632777 -0.148058 -0.567244 -0.219078 -0.231375 0.134561 -0.187087 -0.678104 
-0.599963 -0.659683 -0.176595 -0.522510 -0.241032 -0.254660 0.178632 -0.208715 -0.701043 
-0.628326 -0.605037 -0.204042 -0.545779 -0.196202 -0.277177 0.156444 -0.165967 -0.722515 
-0.655033 -0.633354 -0.148977 -0.568351 -0.220135 -0.230637 0.136556 -0.187053 -0.681510 
-0.600419 -0.660259 -0.177596 -0.523921 -0.242023 -0.253920 0.179775 -0.208345 -0.704158 
-0.628651 -0.605578 -0.205209 -0.547239 -0.196859 -0.276727 0.158176 -0.166511 -0.725283 
-0.655354 -0.633876 -0.150138 -0.569789 -0.220755 -0.230221 0.138350 -0.187521 -0.684395 
-0.601069 -0.660684 -0.178527 -0.525723 -0.242517 -0.253267 0.181730 -0.208944 -0.707082 
-0.629346 -0.606216 -0.205942 -0.548916 -0.197841 -0.275753 0.159820 -0.166739 -0.728324 
-0.656032 -0.634468 -0.150983 -0.571409 -0.221655 -0.229428 0.140026 -0.187694 -0.687560 
-0.601178 -0.661354 -0.179594 -0.526554 -0.243640 -0.252823 0.183115 -0.208814 -0.710034 
-0.629452 -0.606812 -0.207028 -0.549758 -0.198879 -0.275338 0.161347 -0.166821 -0.731157 
-0.656123 -0.635058 -0.152035 -0.572252 -0.222700 -0.228959 0.141725 -0.187601 -0.690698 
-0.601967 -0.661775 -0.180220 -0.528278 -0.244394 -0.251846 0.185231 -0.209064 -0.713341 
-0.630164 -0.607166 -0.207769 -0.551508 -0.199403 -0.274542 0.163850 -0.167655 -0.734231 
-0.656779 -0.635383 -0.152846 -0.574003 -0.223252 -0.228121 0.144430 -0.188245 -0.694154 
-0.602106 -0.662204 -0.181302 -0.529527 -0.245071 -0.251270 0.187437 -0.209343 -0.716538 
-0.630330 -0.607717 -0.208722 -0.552717 -0.200304 -0.273798 0.165917 -0.167799 -0.737444 
-0.656939 -0.635889 -0.153933 -0.575185 -0.224092 -0.227534 0.146533 -0.188321 -0.697532 
-0.602301 -0.662718 -0.182453 -0.530758 -0.245907 -0.250725 0.188992 -0.209170 -0.719695 
-0.630499 -0.608101 -0.209955 -0.553965 -0.200957 -0.273360 0.167748 -0.168024 -0.740415 
-0.657215 -0.636251 -0.155147 -0.576353 -0.224546 -0.227431 0.148049 -0.188780 -0.700002 
-0.603516 -0.662891 -0.183274 -0.532815 -0.246146 -0.250236 0.190374 -0.209778 -0.722171 
-0.631637 -0.608321 -0.210795 -0.555985 -0.201182 -0.272912 0.169337 -0.168955 -0.742759 
-0.658243 -0.636458 -0.156043 -0.578367 -0.224852 -0.226852 0.149977 -0.189429 -0.702918 
-0.603862 -0.663193 -0.184303 -0.534276 -0.246528 -0.249764 0.192632 -0.210398 -0.725084 
-0.631916 -0.608801 -0.211799 -0.557437 -0.201623 -0.272465 0.171778 -0.169967 -0.745522 
-0.658548 -0.636946 -0.156930 -0.579797 -0.225252 -0.226398 0.152498 -0.190341 -0.705802 
-0.603837 -0.663765 -0.185520 -0.535153 -0.247137 -0.249728 0.194101 -0.210735 -0.727542 
-0.632015 -0.609566 -0.212716 -0.558194 -0.202818 -0.271967 0.172676 -0.169525 -0.748221 
-0.658613 -0.637611 -0.158205 -0.580511 -0.226349 -0.226229 0.153354 -0.189897 -0.708623 
-0.604658 -0.664286 -0.186510 -0.536560 -0.248078 -0.249286 0.194656 -0.210316 -0.730290 
-0.632613 -0.610023 -0.214014 -0.559669 -0.203221 -0.272023 0.174162 -0.170534 -0.750455 
-0.659201 -0.638064 -0.159427 -0.581966 -0.226736 -0.226245 0.154930 -0.190817 -0.710969 
-0.604773 -0.664766 -0.187729 -0.537615 -0.248495 -0.249307 0.196724 -0.211322 -0.732702 
-0.632844 -0.610986 -0.214832 -0.560527 -0.204600 -0.271428 0.175538 -0.170733 -0.753158 
-0.659317 -0.638960 -0.160458 -0.582846 -0.228185 -0.225586 0.156676 -0.190666 -0.714414 
-0.605624 -0.665507 -0.188401 -0.539579 -0.249578 -0.248102 0.198633 -0.211411 -0.736249 
-0.633709 -0.611374 -0.215596 -0.562533 -0.205335 -0.270329 0.177604 -0.170877 -0.756613 
-0.660242 -0.639336 -0.161181 -0.584766 -0.228766 -0.224731 0.158555 -0.190952 -0.717546 
-0.606585 -0.665892 -0.189258 -0.541265 -0.250296 -0.247494 0.199684 -0.211307 -0.739068 
-0.634455 -0.611827 -0.216663 -0.564265 -0.205678 -0.270111 0.179404 -0.171965 -0.759010 
-0.660902 -0.639746 -0.162391 -0.586486 -0.229136 -0.224509 0.160593 -0.191824 -0.720407 
-0.607563 -0.666159 -0.190021 -0.543492 -0.250427 -0.246781 0.202771 -0.212710 -0.742256 
-0.635504 -0.612553 -0.217084 -0.566297 -0.206674 -0.268870 0.181940 -0.172745 -0.762433 
-0.661839 -0.640414 -0.162993 -0.588512 -0.230175 -0.223242 0.163447 -0.192310 -0.724448 
-0.607548 -0.667062 -0.191358 -0.544347 -0.251852 -0.246316 0.203974 -0.212201 -0.745622 
-0.635475 -0.613346 -0.218437 -0.567191 -0.207912 -0.268468 0.183296 -0.172429 -0.765672 
-0.661843 -0.641244 -0.164103 -0.589392 -0.231402 -0.222721 0.164928 -0.191863 -0.727823 
-0.608248 -0.667702 -0.191906 -0.546333 -0.252658 -0.245058 0.206434 -0.212353 -0.749355 
-0.636158 -0.613883 -0.219031 -0.569179 -0.208603 -0.267262 0.185914 -0.172784 -0.769298 
-0.662485 -0.641699 -0.164987 -0.591339 -0.232017 -0.221771 0.167541 -0.192196 -0.731581 
-0.608962 -0.668112 -0.192675 -0.548350 -0.253232 -0.244010 0.209151 -0.212731 -0.753106 
-0.636913 -0.614332 -0.219709 -0.571123 -0.209416 -0.266036 0.188505 -0.173006 -0.773075 
-0.663142 -0.642134 -0.165725 -0.593291 -0.232914 -0.220411 0.170487 -0.192104 -0.735993 
-0.609503 -0.668618 -0.193783 -0.549710 -0.254431 -0.243207 0.210534 -0.211876 -0.756940 
-0.637303 -0.614770 -0.221012 -0.572545 -0.210199 -0.265574 0.190523 -0.173117 -0.776539 
-0.663668 -0.642598 -0.166796 -0.594633 -0.233512 -0.220153 0.172224 -0.192432 -0.738909 
-0.609923 -0.669041 -0.194653 -0.551094 -0.254933 -0.242721 0.212977 -0.212482 -0.760032 
-0.637782 -0.615700 -0.221552 -0.573754 -0.211548 -0.264599 0.192486 -0.173251 -0.779816 
-0.663981 -0.643457 -0.167603 -0.595878 -0.234988 -0.219041 0.174677 -0.192120 -0.743142 
-0.610238 -0.669865 -0.195339 -0.552588 -0.256259 -0.241382 0.215718 -0.212286 -0.764322 
-0.637930 -0.616420 -0.222538 -0.575343 -0.212342 -0.263732 0.196053 -0.174333 -0.783637 
-0.664111 -0.644113 -0.168757 -0.597459 -0.235735 -0.218302 0.178329 -0.193080 -0.747229 
-0.610173 -0.670568 -0.196787 -0.553625 -0.257234 -0.241081 0.218210 -0.212641 -0.767953 
-0.637937 -0.616977 -0.223915 -0.576399 -0.213276 -0.263332 0.198438 -0.174477 -0.787272 
-0.664182 -0.644645 -0.170126 -0.598486 -0.236561 -0.218065 0.180583 -0.193301 -0.750677 
-0.610821 -0.670911 -0.197501 -0.555721 -0.257611 -0.240004 0.221914 -0.213645 -0.771881 
-0.638696 -0.617512 -0.224331 -0.578405 -0.214156 -0.261839 0.201607 -0.174744 -0.791428 
-0.664968 -0.645115 -0.170745 -0.600416 -0.237282 -0.216944 0.183608 -0.193655 -0.754716 
-0.612028 -0.671361 -0.198306 -0.557756 -0.258431 -0.239153 0.223394 -0.213379 -0.775428 
-0.639611 -0.617974 -0.225541 -0.580474 -0.214462 -0.261583 0.204226 -0.176281 -0.794354 
-0.665777 -0.645573 -0.171929 -0.602500 -0.237695 -0.216452 0.186627 -0.194843 -0.758294 
-0.612429 -0.671877 -0.199663 -0.559356 -0.258967 -0.238882 0.226085 -0.214299 -0.778807 
-0.640175 -0.618531 -0.226580 -0.581992 -0.215446 -0.260842 0.206289 -0.176238 -0.798012 
-0.666266 -0.646150 -0.172872 -0.604027 -0.238771 -0.215484 0.189051 -0.194485 -0.762528 
-0.613252 -0.672346 -0.200255 -0.561435 -0.259817 -0.237484 0.229144 -0.214296 -0.783237 
-0.640971 -0.619150 -0.227107 -0.584023 -0.216470 -0.259364 0.209376 -0.176360 -0.802386 
-0.667038 -0.646713 -0.173570 -0.606016 -0.239725 -0.214193 0.192168 -0.194555 -0.767044 
-0.613583 -0.673034 -0.201442 -0.562641 -0.261083 -0.236810 0.230810 -0.213583 -0.787193 
-0.641179 -0.619898 -0.228431 -0.585231 -0.217585 -0.258903 0.211553 -0.176503 -0.806027 
-0.667411 -0.647463 -0.174684 -0.607153 -0.240621 -0.213988 0.193967 -0.194983 -0.769994 
-0.614229 -0.673631 -0.202028 -0.564361 -0.261676 -0.235990 0.233991 -0.214676 -0.790573 
-0.641937 -0.620522 -0.228785 -0.586912 -0.218452 -0.257766 0.214277 -0.176891 -0.809609 
-0.667958 -0.647984 -0.175510 -0.608855 -0.241610 -0.212840 0.197179 -0.194935 -0.774604 
-0.614806 -0.674193 -0.203072 -0.566064 -0.262710 -0.235030 0.236149 -0.214151 -0.794811 
-0.642417 -0.620903 -0.230043 -0.588646 -0.219126 -0.257089 0.216985 -0.177164 -0.813531 
-0.668317 -0.648367 -0.176787 -0.610617 -0.242426 -0.211909 0.200342 -0.194813 -0.779309 
-0.615572 -0.674497 -0.204198 -0.568108 -0.263485 -0.234000 0.238993 -0.213960 -0.799395 
-0.643144 -0.621375 -0.231106 -0.590632 -0.220091 -0.255981 0.219905 -0.177185 -0.818023 
-0.669106 -0.648804 -0.177901 -0.612533 -0.243229 -0.211099 0.203060 -0.194982 -0.783502 
-0.616133 -0.674964 -0.205328 -0.569980 -0.264243 -0.233130 0.241772 -0.214099 -0.803545 
-0.643544 -0.621665 -0.232518 -0.592583 -0.220294 -0.255550 0.223415 -0.178406 -0.821754 
-0.669487 -0.649127 -0.179147 -0.614484 -0.243478 -0.210495 0.206812 -0.195981 -0.787598 
-0.616538 -0.675292 -0.206698 -0.571694 -0.264622 -0.232759 0.244739 -0.214722 -0.807333 
-0.644041 -0.622408 -0.233511 -0.594166 -0.221412 -0.254668 0.225841 -0.178383 -0.825757 
-0.669966 -0.649827 -0.180238 -0.616039 -0.244546 -0.209721 0.209282 -0.195895 -0.791732 
-0.617068 -0.675963 -0.207761 -0.573218 -0.265703 -0.232001 0.246987 -0.214524 -0.811350 
-0.644595 -0.622988 -0.234528 -0.595685 -0.222465 -0.253848 0.228064 -0.178107 -0.829751 
-0.670393 -0.650376 -0.181394 -0.617570 -0.245699 -0.208774 0.211882 -0.195286 -0.796422 
-0.617591 -0.676442 -0.208622 -0.575036 -0.266697 -0.230706 0.250288 -0.214246 -0.816226 
-0.644910 -0.623520 -0.235677 -0.597536 -0.223108 -0.252990 0.232194 -0.179194 -0.834146 
-0.670698 -0.650876 -0.182600 -0.619414 -0.246316 -0.207961 0.216110 -0.196256 -0.801042 
-0.617478 -0.677027 -0.210082 -0.576485 -0.267411 -0.230129 0.253930 -0.214839 -0.820572 
-0.645006 -0.624433 -0.236646 -0.598861 -0.224660 -0.251722 0.234970 -0.178616 -0.838868 
-0.670852 -0.651711 -0.183753 -0.620696 -0.247705 -0.207035 0.218663 -0.195827 -0.805495 
-0.618470 -0.677589 -0.210343 -0.579024 -0.268293 -0.228189 0.258348 -0.215432 -0.825640 
-0.645876 -0.624726 -0.237204 -0.601483 -0.224972 -0.250202 0.240038 -0.180114 -0.843586 
-0.671654 -0.651982 -0.184390 -0.623308 -0.248048 -0.205487 0.223990 -0.197081 -0.810707 
-0.619255 -0.677847 -0.211004 -0.581502 -0.268684 -0.226720 0.263370 -0.216520 -0.830708 
-0.646693 -0.625205 -0.237672 -0.603916 -0.225680 -0.248506 0.244841 -0.180972 -0.848717 
-0.672447 -0.652471 -0.184753 -0.625737 -0.248782 -0.203669 0.228995 -0.197748 -0.816157 
-0.619669 -0.678393 -0.211502 -0.583652 -0.269452 -0.224999 0.268223 -0.217015 -0.836039 
-0.647101 -0.625792 -0.238195 -0.606046 -0.226510 -0.246790 0.249838 -0.181760 -0.853929 
-0.672878 -0.652975 -0.185513 -0.627840 -0.249493 -0.202249 0.233876 -0.198592 -0.821309 
-0.620735 -0.678813 -0.212271 -0.586180 -0.270136 -0.223627 0.271995 -0.217480 -0.840869 
-0.648259 -0.626295 -0.238707 -0.608521 -0.227507 -0.245086 0.253184 -0.181588 -0.858937 
-0.674121 -0.653488 -0.185878 -0.630243 -0.250347 -0.200714 0.237039 -0.198564 -0.825957 
-0.621657 -0.679434 -0.213099 -0.587974 -0.271251 -0.222646 0.273769 -0.216729 -0.845015 
-0.648815 -0.626859 -0.240102 -0.610355 -0.227924 -0.244899 0.256344 -0.182995 -0.862340 
-0.674499 -0.654044 -0.187325 -0.632108 -0.250947 -0.200200 0.240790 -0.199459 -0.830378 
-0.622378 -0.679843 -0.214043 -0.590404 -0.271590 -0.221578 0.278570 -0.218159 -0.849745 
-0.649722 -0.627495 -0.240605 -0.612701 -0.228904 -0.243238 0.260374 -0.183324 -0.867421 
-0.675428 -0.654631 -0.187917 -0.634413 -0.251823 -0.198736 0.244721 -0.199847 -0.835338 
-0.622882 -0.680497 -0.214793 -0.592392 -0.272508 -0.220229 0.282343 -0.218366 -0.854582 
-0.650091 -0.627893 -0.241692 -0.614744 -0.229294 -0.242326 0.264866 -0.184578 -0.871859 
-0.675609 -0.655000 -0.189200 -0.636480 -0.252383 -0.197615 0.249813 -0.200568 -0.840894 
-0.623009 -0.680927 -0.216416 -0.594144 -0.273250 -0.219520 0.286044 -0.218426 -0.859641 
-0.650181 -0.628359 -0.243294 -0.616515 -0.229971 -0.241650 0.268716 -0.184903 -0.876782 
-0.675886 -0.655443 -0.190721 -0.638201 -0.252820 -0.197296 0.253184 -0.201268 -0.845015 
-0.624017 -0.681097 -0.216967 -0.596959 -0.273218 -0.218165 0.291558 -0.220248 -0.864432 
-0.651119 -0.628560 -0.243922 -0.619326 -0.229859 -0.240411 0.274503 -0.187187 -0.881394 
-0.676724 -0.655601 -0.191511 -0.641015 -0.252765 -0.196015 0.259245 -0.203301 -0.850162 
-0.624389 -0.681405 -0.218376 -0.598971 -0.273495 -0.217599 0.295845 -0.221347 -0.868950 
-0.651573 -0.629181 -0.245012 -0.621270 -0.230656 -0.239448 0.278379 -0.187793 -0.886063 
-0.677026 -0.656228 -0.192613 -0.642973 -0.253718 -0.194767 0.263666 -0.203428 -0.855774 
-0.624662 -0.681964 -0.219092 -0.601327 -0.274187 -0.215826 0.301421 -0.221984 -0.874865 
-0.652040 -0.629903 -0.245381 -0.623549 -0.231931 -0.237164 0.283327 -0.187578 -0.892239 
-0.677577 -0.656927 -0.192937 -0.645222 -0.254866 -0.192656 0.268444 -0.203327 -0.861676 
-0.625440 -0.682629 -0.219439 -0.603738 -0.275316 -0.213743 0.305656 -0.221671 -0.880591 
-0.652783 -0.630612 -0.245715 -0.625961 -0.233038 -0.235100 0.287660 -0.187435 -0.897886 
-0.678288 -0.657606 -0.193350 -0.647601 -0.255942 -0.190670 0.272888 -0.203069 -0.867557 
-0.626507 -0.683170 -0.219344 -0.606790 -0.276090 -0.211157 0.311219 -0.221993 -0.886800 
-0.653529 -0.630965 -0.246227 -0.629060 -0.233067 -0.233311 0.294511 -0.189714 -0.903421 
-0.678954 -0.657959 -0.193837 -0.650707 -0.256049 -0.188708 0.280070 -0.205047 -0.873664 
-0.627001 -0.683510 -0.219847 -0.609559 -0.276286 -0.209308 0.318315 -0.223856 -0.892811 
-0.654344 -0.631542 -0.246135 -0.631759 -0.234091 -0.230652 0.300494 -0.189985 -0.909945 
-0.679839 -0.658470 -0.193874 -0.653379 -0.256926 -0.186336 0.285818 -0.205486 -0.879861 
-0.628062 -0.684024 -0.220098 -0.612206 -0.277247 -0.207188 0.322958 -0.223816 -0.898671 
-0.654964 -0.631884 -0.247111 -0.634477 -0.234081 -0.229551 0.306720 -0.192346 -0.914975 
-0.680440 -0.658764 -0.194986 -0.656080 -0.256875 -0.185351 0.292114 -0.207758 -0.885090 
-0.628759 -0.684231 -0.220858 -0.615270 -0.276985 -0.205781 0.330091 -0.226471 -0.904102 
-0.655703 -0.632279 -0.247707 -0.637514 -0.234096 -0.227946 0.313692 -0.194852 -0.920442 
-0.681232 -0.659106 -0.195669 -0.659097 -0.256777 -0.183950 0.298954 -0.210340 -0.890399 
-0.629608 -0.684527 -0.221451 -0.618403 -0.276816 -0.204273 0.336963 -0.229057 -0.909382 
-0.656598 -0.632523 -0.248233 -0.640663 -0.233927 -0.226361 0.320484 -0.197306 -0.925734 
-0.681910 -0.659374 -0.196195 -0.662261 -0.256837 -0.181959 0.306454 -0.212189 -0.896889 
-0.629974 -0.684942 -0.222700 -0.620791 -0.277253 -0.203123 0.342224 -0.229799 -0.915144 
-0.657281 -0.633307 -0.248820 -0.642941 -0.235370 -0.224310 0.324606 -0.196484 -0.931997 
-0.682587 -0.660124 -0.196847 -0.664507 -0.258224 -0.180017 0.310596 -0.211331 -0.903223 
-0.630555 -0.685712 -0.223479 -0.622807 -0.278731 -0.201361 0.345855 -0.228671 -0.921271 
-0.657787 -0.634054 -0.249693 -0.644950 -0.236727 -0.222676 0.328543 -0.195829 -0.937936 
-0.683266 -0.660823 -0.197694 -0.666482 -0.259350 -0.178732 0.314055 -0.211049 -0.908371 
-0.631236 -0.686417 -0.224498 -0.624503 -0.280000 -0.200358 0.348537 -0.228012 -0.926135 
-0.658369 -0.634622 -0.250846 -0.646682 -0.237659 -0.221896 0.331586 -0.195652 -0.942595 
-0.683791 -0.661376 -0.198879 -0.668200 -0.260304 -0.177912 0.317266 -0.210723 -0.913322 
-0.631738 -0.686919 -0.225418 -0.626355 -0.280838 -0.199246 0.352407 -0.227968 -0.931238 
-0.658731 -0.635146 -0.251940 -0.648530 -0.238306 -0.221035 0.335945 -0.196393 -0.947413 
-0.683952 -0.661914 -0.200015 -0.670045 -0.261140 -0.176740 0.322271 -0.210905 -0.919261 
-0.632440 -0.687370 -0.226404 -0.628739 -0.281552 -0.197900 0.357004 -0.228070 -0.937055 
-0.659372 -0.635756 -0.252907 -0.650874 -0.239131 -0.219683 0.340695 -0.196814 -0.953105 
-0.684678 -0.662465 -0.201055 -0.672371 -0.261820 -0.175634 0.326752 -0.211530 -0.924535 
-0.632777 -0.687964 -0.227538 -0.630670 -0.282308 -0.196913 0.361439 -0.228571 -0.942235 
-0.659745 -0.636318 -0.253972 -0.652812 -0.239905 -0.218616 0.345083 -0.197248 -0.958267 
-0.684983 -0.662979 -0.202307 -0.674290 -0.262594 -0.174649 0.331307 -0.211801 -0.930067 
-0.633340 -0.688347 -0.228155 -0.633387 -0.282686 -0.195121 0.367518 -0.229588 -0.948191 
-0.660371 -0.636797 -0.254462 -0.655494 -0.240526 -0.216636 0.351012 -0.198109 -0.964256 
-0.685575 -0.663474 -0.202684 -0.676963 -0.263250 -0.172532 0.337438 -0.212476 -0.936371 
-0.633680 -0.688947 -0.229172 -0.635196 -0.283751 -0.193850 0.371704 -0.229295 -0.953860 
-0.660708 -0.637385 -0.255452 -0.657311 -0.241562 -0.215353 0.355252 -0.197910 -0.969856 
-0.685923 -0.663996 -0.203875 -0.678761 -0.264200 -0.171477 0.341610 -0.212309 -0.941949 
-0.634290 -0.689319 -0.229688 -0.637626 -0.284374 -0.192041 0.377467 -0.229895 -0.959875 
-0.660954 -0.637733 -0.256503 -0.659764 -0.241546 -0.214304 0.362190 -0.200340 -0.975239 
-0.686297 -0.664310 -0.204881 -0.681223 -0.264050 -0.170593 0.348273 -0.214934 -0.946891 
-0.634737 -0.689579 -0.230494 -0.640395 -0.284059 -0.190875 0.384495 -0.232686 -0.964884 
-0.661698 -0.638302 -0.256711 -0.662498 -0.242021 -0.212368 0.368229 -0.201749 -0.980702 
-0.686946 -0.664869 -0.205110 -0.683944 -0.264587 -0.168538 0.354617 -0.216073 -0.952882 
-0.635866 -0.689999 -0.230223 -0.644053 -0.284213 -0.188150 0.391758 -0.234345 -0.971142 
-0.662870 -0.638652 -0.256410 -0.666158 -0.242182 -0.209586 0.375427 -0.203293 -0.986978 
-0.687921 -0.665206 -0.204942 -0.687581 -0.264890 -0.165572 0.362319 -0.217188 -0.960047 
-0.636756 -0.690336 -0.230206 -0.647246 -0.284700 -0.185488 0.398889 -0.235150 -0.978104 
-0.663555 -0.638978 -0.256708 -0.669341 -0.242356 -0.207339 0.383247 -0.205173 -0.993573 
-0.688700 -0.665510 -0.205185 -0.690761 -0.264957 -0.163451 0.369957 -0.219196 -0.966341 
-0.637565 -0.690640 -0.230619 -0.650246 -0.284867 -0.183602 0.405783 -0.236802 -0.984161 
-0.664176 -0.639272 -0.257380 -0.672348 -0.242204 -0.205828 0.390730 -0.207746 -0.999298 
-0.689220 -0.665734 -0.206135 -0.693762 -0.264831 -0.162010 0.377640 -0.221578 -0.972513 
-0.637815 -0.691012 -0.232326 -0.652585 -0.285080 -0.182990 0.411237 -0.238099 -0.989631 
-0.664847 -0.639803 -0.258369 -0.674668 -0.243245 -0.204265 0.394945 -0.207235 -1.005327 
-0.690023 -0.666215 -0.207162 -0.696062 -0.265690 -0.160749 0.381484 -0.221356 -0.977948 
-0.639133 -0.691243 -0.232214 -0.656083 -0.285353 -0.180430 0.417811 -0.239222 -0.995832 
-0.665781 -0.640167 -0.258732 -0.678118 -0.243120 -0.202356 0.402588 -0.210045 -1.010980 
-0.690753 -0.666593 -0.207526 -0.699494 -0.265742 -0.158523 0.389710 -0.223673 -0.984573 
-0.640039 -0.691506 -0.232196 -0.659800 -0.285241 -0.177832 0.426838 -0.241911 -1.002633 
-0.667129 -0.640466 -0.258033 -0.681890 -0.243621 -0.198901 0.410328 -0.210806 -1.018380 
-0.691940 -0.666905 -0.206853 -0.703231 -0.266362 -0.154878 0.397878 -0.224073 -0.992696 
-0.640764 -0.692103 -0.232971 -0.662222 -0.286555 -0.175807 0.430998 -0.240382 -1.009599 
-0.667591 -0.641110 -0.259137 -0.684256 -0.244673 -0.197298 0.415271 -0.210488 -1.024938 
-0.692672 -0.667471 -0.207987 -0.705593 -0.267099 -0.153783 0.402122 -0.224308 -0.998123 
-0.641538 -0.692603 -0.233848 -0.664654 -0.287221 -0.174488 0.435749 -0.240835 -1.015130 
-0.668698 -0.641750 -0.259410 -0.686692 -0.245959 -0.195228 0.418978 -0.209434 -1.030914 
-0.693463 -0.668141 -0.208314 -0.707973 -0.268636 -0.151322 0.406622 -0.222601 -1.005421 
-0.642507 -0.693074 -0.233108 -0.667846 -0.288270 -0.170847 0.443085 -0.240443 -1.023163 
-0.669609 -0.642210 -0.258772 -0.689886 -0.246907 -0.191716 0.426544 -0.209398 -1.038827 
-0.694243 -0.668590 -0.207767 -0.711139 -0.269668 -0.147710 0.414527 -0.222266 -1.013947 
-0.643405 -0.693594 -0.233023 -0.670985 -0.289417 -0.167659 0.449371 -0.239404 -1.031257 
-0.669906 -0.642683 -0.259571 -0.692964 -0.247193 -0.189676 0.434603 -0.211031 -1.046052 
-0.694534 -0.669039 -0.208582 -0.714225 -0.269946 -0.145658 0.422636 -0.223838 -1.021277 
-0.643961 -0.693896 -0.233245 -0.674577 -0.289434 -0.164993 0.458732 -0.241579 -1.038880 
-0.670958 -0.643151 -0.259008 -0.696600 -0.248039 -0.186009 0.442571 -0.211202 -1.054302 
-0.695642 -0.669470 -0.208068 -0.717841 -0.270687 -0.142173 0.430465 -0.224110 -1.029320 
-0.644652 -0.694455 -0.233439 -0.677179 -0.290612 -0.162406 0.464776 -0.240922 -1.046392 
-0.671596 -0.643679 -0.259281 -0.699198 -0.249117 -0.183524 0.448827 -0.210868 -1.061687 
-0.696216 -0.669995 -0.208337 -0.720419 -0.271800 -0.139612 0.436916 -0.223600 -1.037039 
-0.645821 -0.694708 -0.232416 -0.681093 -0.291086 -0.158403 0.474219 -0.241893 -1.054863 
-0.672439 -0.643881 -0.258781 -0.703083 -0.249095 -0.180184 0.459257 -0.213323 -1.069684 
-0.696898 -0.670193 -0.207899 -0.724292 -0.271912 -0.136062 0.447755 -0.225696 -1.045756 
-0.646159 -0.695021 -0.232554 -0.684388 -0.291438 -0.155452 0.483588 -0.243230 -1.063168 
-0.673023 -0.644299 -0.258519 -0.706437 -0.249807 -0.176763 0.467977 -0.213754 -1.078257 
-0.697524 -0.670573 -0.207703 -0.727644 -0.272549 -0.132779 0.456390 -0.226179 -1.054227 
-0.646803 -0.695438 -0.232639 -0.687621 -0.292170 -0.152455 0.491250 -0.243268 -1.071364 
-0.673523 -0.644646 -0.258851 -0.709653 -0.250289 -0.174068 0.476131 -0.214529 -1.086196 
-0.698395 -0.670833 -0.208032 -0.730918 -0.272678 -0.130620 0.463657 -0.227662 -1.060709 
-0.648255 -0.695547 -0.232574 -0.691427 -0.292142 -0.149950 0.498856 -0.245012 -1.077938 
-0.674835 -0.644786 -0.258938 -0.713428 -0.250127 -0.171772 0.484088 -0.216807 -1.092587 
-0.699416 -0.670997 -0.208170 -0.734634 -0.272739 -0.127974 0.472298 -0.229379 -1.068237 
-0.648992 -0.695669 -0.232289 -0.695265 -0.292002 -0.146805 0.508867 -0.247272 -1.085729 
-0.675365 -0.645004 -0.258902 -0.717249 -0.249770 -0.168989 0.494639 -0.219939 -1.100086 
-0.700003 -0.671199 -0.208093 -0.738466 -0.272328 -0.125233 0.482788 -0.232539 -1.075646 
-0.649243 -0.696068 -0.233445 -0.697931 -0.292187 -0.145479 0.516062 -0.248841 -1.092265 
-0.676461 -0.645613 -0.258743 -0.720050 -0.251185 -0.166036 0.499560 -0.218252 -1.107602 
-0.701161 -0.671738 -0.208112 -0.741251 -0.273609 -0.122578 0.487479 -0.231031 -1.082836 
-0.650832 -0.696551 -0.233470 -0.700926 -0.293490 -0.142895 0.520137 -0.247132 -1.099291 
-0.676980 -0.645958 -0.260286 -0.722832 -0.251105 -0.165361 0.506464 -0.220677 -1.113313 
-0.701643 -0.672067 -0.209638 -0.744035 -0.273551 -0.121819 0.494483 -0.233360 -1.088709 
-0.651123 -0.696785 -0.234383 -0.703880 -0.293198 -0.141488 0.528824 -0.250162 -1.105530 
-0.678151 -0.646573 -0.259790 -0.725909 -0.252273 -0.162195 0.512799 -0.220391 -1.120594 
-0.702488 -0.672698 -0.209251 -0.747023 -0.274940 -0.118347 0.501551 -0.232466 -1.097235 
-0.652592 -0.697193 -0.232897 -0.708328 -0.293936 -0.136684 0.538242 -0.250479 -1.114623 
-0.679726 -0.646815 -0.258245 -0.730410 -0.252938 -0.157313 0.522027 -0.220373 -1.129771 
-0.704339 -0.672875 -0.207699 -0.751558 -0.275331 -0.113880 0.510111 -0.232990 -1.105299 
-0.654306 -0.697513 -0.232373 -0.711902 -0.294859 -0.133437 0.544010 -0.249683 -1.122017 
-0.680441 -0.647069 -0.259085 -0.733786 -0.252620 -0.155804 0.530312 -0.223243 -1.136018 
-0.704875 -0.673123 -0.208621 -0.754896 -0.275130 -0.112204 0.518800 -0.235518 -1.112243 
-0.655346 -0.697406 -0.231486 -0.716703 -0.293856 -0.129836 0.557040 -0.254266 -1.129897 
-0.682257 -0.647316 -0.257010 -0.738714 -0.252888 -0.150712 0.541334 -0.225032 -1.144793 
-0.706397 -0.673389 -0.206631 -0.759735 -0.275593 -0.106841 0.530456 -0.236781 -1.122091 
-0.656031 -0.698063 -0.231558 -0.719647 -0.295231 -0.126682 0.563802 -0.253117 -1.138595 
-0.682848 -0.647916 -0.257197 -0.741674 -0.254043 -0.147740 0.548365 -0.224251 -1.153353 
-0.707017 -0.673986 -0.206721 -0.762695 -0.276718 -0.103838 0.537461 -0.236014 -1.130579 
-0.657379 -0.698310 -0.229782 -0.724509 -0.295430 -0.121578 0.575033 -0.254426 -1.148034 
-0.684185 -0.648122 -0.255490 -0.746552 -0.254160 -0.142718 0.559678 -0.225677 -1.162761 
-0.708337 -0.674146 -0.205160 -0.767560 -0.276797 -0.098938 0.548758 -0.237443 -1.140005 
-0.658848 -0.698376 -0.227857 -0.729625 -0.295370 -0.116336 0.587102 -0.256216 -1.157591 
-0.686121 -0.648289 -0.252948 -0.751754 -0.254730 -0.136695 0.570600 -0.225911 -1.172772 
-0.709969 -0.674354 -0.202648 -0.772659 -0.277578 -0.092603 0.560302 -0.237167 -1.151050 
-0.660004 -0.698930 -0.227549 -0.732711 -0.297227 -0.112512 0.593122 -0.253310 -1.167406 
-0.686417 -0.648699 -0.253817 -0.754669 -0.255469 -0.134349 0.578772 -0.226021 -1.181677 
-0.710731 -0.674673 -0.203433 -0.775706 -0.277942 -0.090755 0.567504 -0.238058 -1.158329 
-0.660928 -0.699038 -0.227098 -0.736578 -0.297085 -0.109347 0.603252 -0.255546 -1.175315 
-0.688025 -0.649186 -0.252292 -0.758649 -0.256479 -0.129868 0.587156 -0.225934 -1.190280 
-0.711807 -0.675212 -0.202031 -0.779522 -0.279320 -0.085758 0.576971 -0.237080 -1.168754 
-0.662284 -0.699405 -0.224688 -0.741353 -0.297967 -0.103220 0.615058 -0.255687 -1.186179 
-0.688339 -0.649344 -0.251451 -0.763194 -0.256003 -0.125654 0.601587 -0.229803 -1.200017 
-0.712140 -0.675333 -0.201274 -0.784084 -0.278814 -0.081612 0.591403 -0.240924 -1.178546 
-0.662146 -0.699774 -0.225651 -0.744267 -0.298280 -0.101027 0.625259 -0.257476 -1.195055 
-0.688611 -0.649726 -0.251833 -0.766276 -0.256659 -0.122800 0.610897 -0.230315 -1.209264 
-0.712585 -0.675652 -0.201680 -0.787239 -0.279329 -0.078947 0.600360 -0.241711 -1.187220 
-0.663629 -0.699582 -0.223235 -0.750089 -0.297487 -0.095304 0.640496 -0.261329 -1.204892 
-0.690997 -0.649790 -0.248151 -0.772354 -0.256980 -0.115573 0.623925 -0.231180 -1.219978 
-0.715207 -0.675637 -0.198113 -0.793348 -0.279394 -0.072182 0.612838 -0.243017 -1.197064 
-0.665930 -0.699878 -0.221777 -0.754615 -0.298448 -0.090782 0.647743 -0.260188 -1.213826 
-0.691742 -0.649847 -0.248879 -0.776409 -0.256205 -0.113665 0.634853 -0.235203 -1.227360 
-0.715631 -0.675736 -0.198828 -0.797318 -0.278866 -0.069856 0.624442 -0.246486 -1.205548 
-0.666144 -0.699990 -0.222610 -0.758248 -0.298015 -0.088632 0.659047 -0.263446 -1.222177 
-0.693108 -0.650194 -0.248042 -0.780407 -0.257092 -0.109533 0.643512 -0.234757 -1.236830 
-0.716712 -0.676128 -0.197954 -0.801219 -0.279957 -0.065371 0.633646 -0.245596 -1.215894 
-0.667730 -0.700135 -0.220379 -0.763380 -0.298504 -0.082695 0.671139 -0.263973 -1.233060 
-0.694735 -0.650434 -0.245747 -0.785558 -0.257686 -0.103528 0.655497 -0.235185 -1.247753 
-0.718369 -0.676327 -0.195742 -0.806364 -0.280481 -0.059505 0.645532 -0.246102 -1.226669 
-0.668753 -0.700646 -0.220078 -0.766737 -0.299904 -0.078942 0.678726 -0.262372 -1.242951 
-0.695081 -0.650866 -0.246362 -0.788711 -0.258357 -0.100879 0.664679 -0.235811 -1.256975 
-0.719380 -0.676619 -0.196296 -0.809757 -0.280663 -0.057515 0.653402 -0.247763 -1.233741 
-0.670468 -0.700518 -0.218300 -0.772020 -0.299101 -0.074492 0.691668 -0.266460 -1.250956 
-0.697655 -0.650925 -0.243374 -0.794287 -0.258484 -0.095028 0.675593 -0.237136 -1.265782 
-0.721153 -0.676774 -0.193508 -0.815027 -0.281299 -0.051015 0.665809 -0.247899 -1.245019 
-0.672048 -0.700832 -0.216475 -0.776706 -0.300073 -0.068938 0.701785 -0.265524 -1.261845 
-0.698734 -0.651083 -0.242289 -0.798836 -0.258818 -0.090344 0.686920 -0.237812 -1.276224 
-0.721873 -0.676988 -0.192423 -0.819448 -0.281896 -0.045921 0.677799 -0.248023 -1.256569 
-0.672854 -0.701083 -0.215860 -0.780753 -0.300916 -0.064423 0.712386 -0.265024 -1.273106 
-0.699581 -0.651431 -0.241582 -0.802898 -0.259777 -0.085735 0.697446 -0.237269 -1.287484 
-0.723037 -0.677242 -0.191763 -0.823632 -0.282594 -0.041695 0.687707 -0.247986 -1.266799 
-0.674176 -0.701205 -0.214283 -0.785697 -0.301199 -0.059179 0.724292 -0.265928 -1.283660 
-0.700003 -0.651321 -0.241288 -0.807598 -0.258899 -0.082079 0.711338 -0.240910 -1.297205 
-0.723466 -0.677128 -0.191421 -0.828360 -0.281736 -0.037951 0.701606 -0.251614 -1.276520 
-0.674357 -0.701226 -0.215025 -0.789382 -0.300862 -0.056685 0.735612 -0.268301 -1.292865 
-0.700961 -0.651691 -0.240858 -0.811534 -0.259617 -0.078195 0.720987 -0.241070 -1.307066 
-0.724429 -0.677464 -0.191040 -0.832302 -0.282424 -0.034109 0.711217 -0.251800 -1.286326 
-0.675311 -0.701564 -0.214794 -0.793093 -0.301663 -0.053071 0.744739 -0.268248 -1.302537 
-0.702323 -0.652073 -0.240041 -0.815418 -0.260759 -0.073937 0.729208 -0.239792 -1.317053 
-0.725354 -0.677900 -0.190268 -0.836009 -0.283850 -0.029438 0.720189 -0.249906 -1.297563 
-0.676684 -0.701751 -0.212478 -0.798003 -0.302475 -0.046781 0.756889 -0.267891 -1.314310 
-0.702475 -0.652066 -0.239444 -0.819916 -0.260260 -0.069693 0.744023 -0.243105 -1.327763 
-0.725547 -0.677862 -0.189710 -0.840549 -0.283329 -0.025216 0.734947 -0.253253 -1.308199 
-0.676819 -0.701666 -0.211652 -0.802645 -0.301846 -0.042284 0.772196 -0.271449 -1.324971 
-0.704040 -0.652413 -0.236644 -0.825067 -0.261277 -0.062869 0.756294 -0.242677 -1.339571 
-0.727272 -0.678134 -0.187013 -0.845760 -0.284188 -0.018661 0.746882 -0.253097 -1.319465 
-0.679902 -0.701471 -0.206495 -0.810382 -0.301617 -0.033211 0.788930 -0.273812 -1.336758 
-0.706424 -0.651991 -0.232548 -0.832616 -0.260136 -0.055053 0.774547 -0.246978 -1.350886 
-0.729464 -0.677732 -0.182973 -0.853214 -0.283148 -0.010734 0.765430 -0.257164 -1.331269 
-0.682050 -0.701058 -0.202689 -0.817531 -0.300703 -0.025572 0.806916 -0.277574 -1.348521 
-0.708809 -0.651741 -0.228441 -0.839876 -0.259522 -0.047076 0.792008 -0.250099 -1.362867 
-0.731676 -0.677501 -0.178866 -0.860402 -0.282645 -0.002574 0.783129 -0.260101 -1.343618 
-0.684497 -0.700697 -0.197984 -0.825210 -0.299948 -0.016834 0.825858 -0.281109 -1.360933 
-0.711273 -0.651425 -0.223821 -0.847562 -0.258817 -0.038402 0.810951 -0.253677 -1.375317 
-0.734132 -0.677150 -0.174378 -0.868072 -0.281898 0.005960 0.802026 -0.263721 -1.356014 
-0.686383 -0.700643 -0.195519 -0.831371 -0.299955 -0.010290 0.840386 -0.282594 -1.372998 
-0.714211 -0.651613 -0.219952 -0.854147 -0.259827 -0.030287 0.823185 -0.252288 -1.388101 
-0.737663 -0.677199 -0.170488 -0.874908 -0.282478 0.013503 0.813148 -0.263239 -1.366930 
-0.689208 -0.700981 -0.193400 -0.836578 -0.301291 -0.004621 0.848091 -0.280389 -1.383453 
-0.714598 -0.651467 -0.221073 -0.858386 -0.258762 -0.028390 0.835857 -0.256531 -1.396787 
-0.737271 -0.677190 -0.171625 -0.878818 -0.281942 0.016170 0.827140 -0.266420 -1.377776 
-0.689633 -0.700617 -0.192587 -0.842117 -0.299991 0.000021 0.865584 -0.285326 -1.394692 
-0.716441 -0.651498 -0.218333 -0.864542 -0.258903 -0.021516 0.850576 -0.257829 -1.409106 
-0.739222 -0.677166 -0.168943 -0.885029 -0.281987 0.022902 0.841626 -0.267913 -1.389701 
-0.691919 -0.700413 -0.188851 -0.849166 -0.299612 0.007808 0.882167 -0.287836 -1.406763 
-0.718125 -0.651093 -0.215494 -0.871393 -0.257781 -0.014789 0.868383 -0.261896 -1.420776 
-0.740324 -0.676867 -0.166190 -0.891587 -0.281227 0.030063 0.860343 -0.271232 -1.402918 
-0.692403 -0.700354 -0.187668 -0.854312 -0.299497 0.013356 0.897730 -0.289556 -1.419675 
-0.718401 -0.651011 -0.214591 -0.876520 -0.257349 -0.009641 0.884370 -0.264200 -1.433510 
-0.741465 -0.676584 -0.165290 -0.897180 -0.280256 0.034521 0.874927 -0.274670 -1.413326 
-0.695026 -0.699564 -0.184190 -0.862392 -0.297471 0.020364 0.916799 -0.295390 -1.430366 
-0.720670 -0.650192 -0.211617 -0.884464 -0.254973 -0.003245 0.904076 -0.270893 -1.443975 
-0.743165 -0.675861 -0.162417 -0.904847 -0.278233 0.041336 0.895491 -0.280689 -1.425199 
-0.695742 -0.699129 -0.183117 -0.868171 -0.296228 0.025326 0.934025 -0.299596 -1.442018 
-0.721938 -0.650008 -0.209794 -0.890500 -0.254357 0.002586 0.920295 -0.273851 -1.456000 
-0.744008 -0.675754 -0.160615 -0.910678 -0.277895 0.047549 0.912332 -0.283141 -1.438255 
-0.698256 -0.698462 -0.178352 -0.876960 -0.294631 0.034478 0.956033 -0.304831 -1.455197 
-0.726104 -0.649746 -0.203004 -0.899974 -0.254371 0.014104 0.939075 -0.275166 -1.470209 
-0.748264 -0.675439 -0.153874 -0.920181 -0.277799 0.058904 0.930849 -0.284703 -1.451972 
-0.702137 -0.698287 -0.172492 -0.885756 -0.294850 0.045009 0.972919 -0.305541 -1.468952 
-0.729719 -0.649555 -0.197514 -0.908696 -0.254320 0.024199 0.956429 -0.276406 -1.483912 
-0.751814 -0.675232 -0.148456 -0.928844 -0.277734 0.068934 0.948199 -0.285970 -1.465639 
-0.706892 -0.697765 -0.165557 -0.896263 -0.294077 0.056531 0.992669 -0.308276 -1.482568 
-0.732203 -0.648536 -0.193607 -0.918190 -0.251431 0.032231 0.980365 -0.284347 -1.496203 
-0.753820 -0.674308 -0.144615 -0.938090 -0.275155 0.077331 0.972761 -0.293413 -1.478967 
-0.709134 -0.696703 -0.161478 -0.905492 -0.291492 0.065030 1.017475 -0.315823 -1.495841 
-0.736981 -0.648089 -0.186364 -0.928588 -0.251171 0.044389 1.000480 -0.286154 -1.511029 
-0.758577 -0.673825 -0.137484 -0.948448 -0.274837 0.089339 0.992768 -0.295344 -1.493574 
-0.712865 -0.696526 -0.156059 -0.914171 -0.291860 0.075411 1.034614 -0.316126 -1.510577 
-0.737391 -0.647189 -0.185237 -0.935755 -0.248440 0.049732 1.023524 -0.293817 -1.523771 
-0.759100 -0.672896 -0.136422 -0.955702 -0.272060 0.094583 1.015657 -0.303132 -1.506081 
-0.714875 -0.695168 -0.153096 -0.923583 -0.288235 0.082473 1.060180 -0.325555 -1.522868 
-0.739492 -0.645938 -0.182190 -0.945227 -0.244950 0.056893 1.048945 -0.303085 -1.536147 
-0.761393 -0.671596 -0.133439 -0.965292 -0.268457 0.101557 1.040766 -0.312667 -1.517940 
-0.717691 -0.693696 -0.149686 -0.933782 -0.284392 0.089843 1.085646 -0.335364 -1.534624 
-0.742803 -0.644595 -0.178164 -0.955735 -0.241467 0.064947 1.073560 -0.311733 -1.548330 
-0.763754 -0.670467 -0.129542 -0.975250 -0.265565 0.110236 1.066570 -0.320365 -1.532108 
-0.718342 -0.692986 -0.148088 -0.941027 -0.282536 0.096259 1.107874 -0.340847 -1.548976 
-0.746216 -0.644561 -0.173192 -0.964310 -0.242087 0.075290 1.091012 -0.311553 -1.564162 
-0.767090 -0.670414 -0.124629 -0.983765 -0.266183 0.120552 1.084024 -0.320208 -1.547905 
-0.721515 -0.692969 -0.143423 -0.949117 -0.283329 0.106264 1.124914 -0.340443 -1.564766 
-0.749018 -0.644473 -0.169015 -0.972264 -0.242513 0.084725 1.108721 -0.311891 -1.579834 
-0.770728 -0.670100 -0.120390 -0.992233 -0.266084 0.129448 1.100545 -0.321543 -1.561520 
-0.724109 -0.692970 -0.140990 -0.955628 -0.284041 0.113273 1.138624 -0.340223 -1.578347 
-0.751247 -0.644364 -0.166986 -0.978694 -0.242729 0.091177 1.123029 -0.312292 -1.593286 
-0.772666 -0.670030 -0.118406 -0.998501 -0.266462 0.136102 1.115174 -0.321705 -1.575469 
-0.727085 -0.692549 -0.137190 -0.963477 -0.283766 0.121668 1.155927 -0.341839 -1.592264 
-0.753078 -0.643751 -0.164603 -0.985993 -0.241498 0.097924 1.142271 -0.316202 -1.606666 
-0.773808 -0.669557 -0.116145 -1.005392 -0.265647 0.143270 1.135251 -0.324940 -1.590257 
-0.727674 -0.692323 -0.136310 -0.969384 -0.283415 0.127532 1.173531 -0.343830 -1.606989 
-0.753231 -0.643479 -0.164272 -0.991692 -0.240781 0.103125 1.160633 -0.319179 -1.621101 
-0.774263 -0.669201 -0.115791 -1.011314 -0.264779 0.148356 1.153220 -0.328245 -1.604013 
-0.729320 -0.691544 -0.133856 -0.977025 -0.281826 0.134573 1.194501 -0.348768 -1.620607 
-0.755721 -0.642879 -0.160808 -0.999847 -0.239757 0.111274 1.180220 -0.322443 -1.635186 
-0.776437 -0.668655 -0.112457 -1.019260 -0.263911 0.156583 1.173147 -0.331243 -1.618679 
-0.734501 -0.690314 -0.127321 -0.989144 -0.279466 0.145909 1.218178 -0.354500 -1.634639 
-0.761587 -0.641853 -0.153504 -1.012301 -0.238034 0.123524 1.202673 -0.326760 -1.649627 
-0.782155 -0.667633 -0.105217 -1.031613 -0.262240 0.168862 1.195616 -0.335605 -1.633060 
-0.737397 -0.689898 -0.123248 -0.997303 -0.279308 0.155040 1.236807 -0.356096 -1.649654 
-0.764893 -0.641528 -0.148963 -1.020734 -0.238089 0.133127 1.220557 -0.327510 -1.664851 
-0.785326 -0.667309 -0.100796 -1.039939 -0.262321 0.178400 1.213592 -0.336299 -1.648431 
-0.742915 -0.689026 -0.116256 -1.008738 -0.278297 0.167026 1.257762 -0.358915 -1.664533 
-0.766725 -0.639927 -0.146502 -1.030146 -0.234151 0.139830 1.247191 -0.337119 -1.677960 
